"ConfigurationId","TargetModule","RandomSeed","AlgorithmIterations","TotalTime","Coverage","Size","Length","FailingSize","FailingLength","PassingSize","PassingLength"
"Seed_Prob_0_7","pytutils.log","1615562191257458970","179","121612592256","0.7941176470588235","9","77","9","77","0","0"
"Seed_Prob_0_1","pytutils.log","1615561501228020307","200","121446059470","0.7941176470588235","7","59","7","59","0","0"
"Seed_Prob_0_2","pytutils.sets","1615561547382300238","204","121214860508","0.6666666666666666","3","41","3","41","0","0"
"Seed_Prob_0_8","pytutils.env","1615562345202787349","191","121332682425","0.5","6","60","6","60","0","0"
"Seed_Prob_0_4","pytutils.meth","1615561851406534896","0","5052093117","1.0","2","11","2","11","0","0"
"Seed_Prob_0_8","pytutils.python","1615562297577378386","128","122506941376","0.3","9","220","0","0","9","220"
"Seed_Prob_0_7","pytutils.memo","1615562223289873128","263","121767664194","0.25","6","40","6","40","0","0"
"Seed_Prob_0_1","pytutils.memo","1615561510941812111","185","121436128466","0.25","10","46","10","46","0","0"
"Seed_Prob_0_3","pytutils.props","1615561710604198729","207","121546195099","0.6470588235294118","10","89","7","66","3","23"
"Seed_Prob_0_4","pytutils.sets","1615561824474835100","137","121882973260","0.6666666666666666","9","82","9","82","0","0"
"Seed_Prob_0_6","pytutils.path","1615562070999992070","155","122260111922","0.25","10","223","0","0","10","223"
"Seed_Prob_0_5","pytutils.lazy.lazy_regex","1615562007157636695","188","122049996979","0.6041666666666666","8","63","8","63","0","0"
"Seed_Prob_0_2","pytutils.meth","1615561542530901495","0","5424163283","1.0","9","49","9","49","0","0"
"Seed_Prob_0_8","pytutils.log","1615562345145619885","168","121319602233","0.7647058823529411","9","71","9","71","0","0"
"Seed_Prob_0_6","pytutils.timers","1615562074493796394","0","6627569502","1.0","5","93","4","54","1","39"
"Seed_Prob_0_5","pytutils.files","1615561942045399638","163","121287043283","0.3448275862068966","9","107","7","83","2","24"
"Seed_Prob_0_7","pytutils.trees","1615562206384995485","164","123834717745","0.75","8","73","8","73","0","0"
"Seed_Prob_0_9","pytutils.log","1615562470933666570","174","121545490260","0.7647058823529411","10","81","9","66","1","15"
"Seed_Prob_0_9","pytutils.memo","1615562461910272457","250","121275527206","0.25","9","47","8","45","1","2"
"Seed_Prob_0_6","pytutils.sets","1615562097564030011","159","122539256134","0.6666666666666666","8","76","8","76","0","0"
"Seed_Prob_0_5","pytutils.path","1615561957703630228","235","121295665765","0.25","3","73","0","0","3","73"
"Seed_Prob_0_3","pytutils.urls","1615561748575591103","232","122978146333","0.75","7","36","7","36","0","0"
"Seed_Prob_0_2","pytutils.tlds","1615561617838554242","56","29525544390","1.0","8","56","7","53","1","3"
"Seed_Prob_0_6","pytutils.meth","1615562099062148318","0","7242843184","1.0","2","9","2","9","0","0"
"Seed_Prob_0_7","pytutils.pythree","1615562201293267731","391","121350669421","0.42857142857142855","4","23","4","23","0","0"
"Seed_Prob_0_5","pytutils.urls","1615561960476344692","370","121088877764","0.75","3","15","3","15","0","0"
"Seed_Prob_0_3","pytutils.path","1615561713309859783","233","121690898325","0.25","8","118","0","0","8","118"
"Seed_Prob_0_1","pytutils.lazy.lazy_regex","1615561550799068144","175","122500725327","0.6041666666666666","12","95","11","88","1","7"
"Seed_Prob_0_9","pytutils.lazy.lazy_regex","1615562483344190723","173","121380090215","0.6041666666666666","11","99","11","99","0","0"
"Seed_Prob_0_7","pytutils.python","1615562230658905075","207","128759720078","0.3","8","127","0","0","8","127"
"Seed_Prob_0_3","pytutils.files","1615561725126136515","237","122478224607","0.2413793103448276","6","69","4","57","2","12"
"Seed_Prob_0_2","pytutils.lazy.lazy_import","1615561622116164444","130","124603979472","0.4396551724137931","17","154","16","141","1","13"
"Seed_Prob_0_8","pytutils.rand","1615562359817462491","0","5805451593","1.0","10","28","10","28","0","0"
"Seed_Prob_0_2","pytutils.path","1615561596273400073","180","122488292792","0.25","10","173","0","0","10","173"
"Seed_Prob_0_2","pytutils.timers","1615561609231966335","0","8241134686","1.0","6","73","5","42","1","31"
"Seed_Prob_0_5","pytutils.lazy.lazy_import","1615562005978855376","136","122354983398","0.43103448275862066","14","114","14","114","0","0"
"Seed_Prob_0_4","pytutils.lazy.lazy_import","1615561835607436984","141","121781449803","0.45689655172413796","12","116","12","116","0","0"
"Seed_Prob_0_0","pytutils.timers","1615561357981425670","0","6939937455","1.0","4","52","3","47","1","5"
"Seed_Prob_0_9","pytutils.debug","1615562451214411097","0","8164263285","1.0","9","186","0","0","9","186"
"Seed_Prob_0_8","pytutils.mappings","1615562341901240432","110","122300547633","0.568","16","284","15","262","1","22"
"Seed_Prob_0_5","pytutils.mappings","1615562007001881292","100","123969115596","0.592","18","243","18","243","0","0"
"Seed_Prob_0_8","pytutils.lazy.lazy_regex","1615562341396408272","168","122520612576","0.6041666666666666","11","111","9","94","2","17"
"Seed_Prob_0_5","pytutils.env","1615561939775216902","197","122515363581","0.5","8","78","7","67","1","11"
"Seed_Prob_0_4","pytutils.tlds","1615561854490107353","7","7769318163","1.0","8","53","7","43","1","10"
"Seed_Prob_0_0","pytutils.path","1615561359425924939","147","121725635316","0.25","10","209","0","0","10","209"
"Seed_Prob_0_9","pytutils.sets","1615562425047250222","167","121397274505","0.6666666666666666","8","83","8","83","0","0"
"Seed_Prob_0_6","pytutils.tlds","1615562133179500683","264","122111879836","0.9166666666666666","8","38","7","35","1","3"
"Seed_Prob_0_0","pytutils.excs","1615561371466989263","185","122987699972","0.16666666666666666","3","80","0","0","3","80"
"Seed_Prob_0_4","pytutils.python","1615561865768756569","217","121298139745","0.3","5","70","0","0","5","70"
"Seed_Prob_0_8","pytutils.meth","1615562303228229820","0","5774345941","1.0","10","43","10","43","0","0"
"Seed_Prob_0_6","pytutils.lazy.lazy_import","1615562127822983478","123","122319317746","0.4482758620689655","14","96","13","83","1","13"
"Seed_Prob_0_4","pytutils.env","1615561851121015375","185","121938887745","0.5","10","64","9","61","1","3"
"Seed_Prob_0_4","pytutils.log","1615561834127352308","243","121559227875","0.7647058823529411","10","66","10","66","0","0"
"Seed_Prob_0_3","pytutils.rand","1615561748900199871","0","4773387086","1.0","7","23","7","23","0","0"
"Seed_Prob_0_1","pytutils.debug","1615561461584742689","0","7382289300","1.0","2","5","0","0","2","5"
"Seed_Prob_0_1","pytutils.sets","1615561493279231923","230","121812839317","0.6666666666666666","7","45","6","39","1","6"
"Seed_Prob_0_7","pytutils.excs","1615562242344613068","204","122744912448","0.16666666666666666","9","150","0","0","9","150"
"Seed_Prob_0_8","pytutils.sets","1615562302711612688","171","121410005510","0.6666666666666666","8","87","8","87","0","0"
"Seed_Prob_0_9","pytutils.pretty","1615562471739001113","296","121203356279","0.6470588235294118","8","46","8","46","0","0"
"Seed_Prob_0_7","pytutils.path","1615562206385083106","478","123653645115","0.25","1","6","0","0","1","6"
"Seed_Prob_0_3","pytutils.pythree","1615561725861391563","372","123728590851","0.42857142857142855","2","12","2","12","0","0"
"Seed_Prob_0_2","pytutils.lazy.simple_import","1615561603855943656","225","121635503393","0.6","4","92","0","0","4","92"
"Seed_Prob_0_2","pytutils.pretty","1615561581697882678","248","121448085128","0.6470588235294118","7","39","7","39","0","0"
"Seed_Prob_0_6","pytutils.iters","1615562095552130427","279","121999690242","0.26666666666666666","6","55","4","34","2","21"
"Seed_Prob_0_5","pytutils.trees","1615561957966889138","188","121536949840","0.75","9","63","9","63","0","0"
"Seed_Prob_0_7","pytutils.files","1615562224333210398","212","122416240340","0.3448275862068966","8","90","7","79","1","11"
"Seed_Prob_0_3","pytutils.python","1615561706526813291","147","121884046978","0.3","2","67","0","0","2","67"
"Seed_Prob_0_1","pytutils.pretty","1615561548703708860","209","121661386774","0.6470588235294118","4","22","4","22","0","0"
"Seed_Prob_0_0","pytutils.files","1615561313138317492","239","121266821494","0.3448275862068966","9","89","8","82","1","7"
"Seed_Prob_0_6","pytutils.pythree","1615562058052667379","265","121282221960","0.42857142857142855","5","26","5","26","0","0"
"Seed_Prob_0_5","pytutils.python","1615561974836016513","160","122995071763","0.3","6","131","0","0","6","131"
"Seed_Prob_0_3","pytutils.trees","1615561713482547685","159","121782329564","0.75","9","71","9","71","0","0"
"Seed_Prob_0_7","pytutils.urls","1615562175596047378","439","120956814059","0.75","2","10","2","10","0","0"
"Seed_Prob_0_5","pytutils.pythree","1615561944052304409","301","121096823869","0.42857142857142855","5","32","5","32","0","0"
"Seed_Prob_0_9","pytutils.props","1615562470000272627","173","121177504726","0.6470588235294118","9","65","9","65","0","0"
"Seed_Prob_0_5","pytutils.pretty","1615562005028607400","183","121501360961","0.6470588235294118","9","50","9","50","0","0"
"Seed_Prob_0_2","pytutils.iters","1615561542479068042","231","121390725808","0.26666666666666666","7","65","7","65","0","0"
"Seed_Prob_0_8","pytutils.memo","1615562345145264572","230","121374776789","0.25","8","33","8","33","0","0"
"Seed_Prob_0_6","pytutils.urls","1615562074496196622","207","121376475208","0.75","9","50","9","50","0","0"
"Seed_Prob_0_4","pytutils.pythree","1615561824412007735","237","121026943477","0.42857142857142855","7","38","7","38","0","0"
"Seed_Prob_0_6","pytutils.trees","1615562075009362018","208","121164308914","0.75","9","67","8","56","1","11"
"Seed_Prob_0_8","pytutils.debug","1615562303125533394","0","8067191397","1.0","8","146","0","0","8","146"
"Seed_Prob_0_4","pytutils.iters","1615561823579812917","210","121863490129","0.26666666666666666","8","104","5","55","3","49"
"Seed_Prob_0_3","pytutils.log","1615561709447449840","182","121859851715","0.7941176470588235","10","57","10","57","0","0"
"Seed_Prob_0_7","pytutils.props","1615562188420210703","201","121719985445","0.6470588235294118","7","60","7","60","0","0"
"Seed_Prob_0_1","pytutils.props","1615561510930177390","209","121501844266","0.6470588235294118","9","52","9","52","0","0"
"Seed_Prob_0_3","pytutils.memo","1615561725642547376","299","122346485442","0.25","7","38","7","38","0","0"
"Seed_Prob_0_2","pytutils.pythree","1615561584578722411","248","121812872871","0.42857142857142855","6","37","6","37","0","0"
"Seed_Prob_0_8","pytutils.props","1615562344466477883","239","121126723896","0.6470588235294118","7","53","7","53","0","0"
"Seed_Prob_0_1","pytutils.iters","1615561494203637066","241","121346123676","0.26666666666666666","8","85","4","25","4","60"
"Seed_Prob_0_7","pytutils.rand","1615562239925646996","0","5803477210","1.0","3","9","3","9","0","0"
"Seed_Prob_0_0","pytutils.rand","1615561371535671119","0","5715884801","1.0","9","25","9","25","0","0"
"Seed_Prob_0_8","pytutils.pythree","1615562335227014177","240","121300537435","0.42857142857142855","7","44","7","44","0","0"
"Seed_Prob_0_4","pytutils.memo","1615561835885580676","192","121749296317","0.25","10","49","10","49","0","0"
"Seed_Prob_0_3","pytutils.excs","1615561749763013863","183","122160289427","0.16666666666666666","8","169","0","0","8","169"
"Seed_Prob_0_1","pytutils.meth","1615561495171037475","0","4867042724","1.0","5","20","5","20","0","0"
"Seed_Prob_0_6","pytutils.lazy.simple_import","1615562133729850154","167","121457270937","0.6","4","111","0","0","4","111"
"Seed_Prob_0_0","pytutils.mappings","1615561371565693015","93","123382690254","0.616","20","294","18","263","2","31"
"Seed_Prob_0_4","pytutils.props","1615561849838382526","223","122164586123","0.6470588235294118","8","46","7","42","1","4"
"Seed_Prob_0_6","pytutils.pretty","1615562133171166458","161","122048828479","0.6470588235294118","10","58","10","58","0","0"
"Seed_Prob_0_0","pytutils.lazy.lazy_regex","1615561364725926592","190","122134487591","0.6041666666666666","9","71","9","71","0","0"
"Seed_Prob_0_8","pytutils.iters","1615562302703457065","223","121567121588","0.26666666666666666","5","74","5","74","0","0"
"Seed_Prob_0_4","pytutils.debug","1615561851644109847","0","8308573073","1.0","4","56","0","0","4","56"
"Seed_Prob_0_8","pytutils.excs","1615562372214249146","164","122434316114","0.16666666666666666","6","137","0","0","6","137"
"Seed_Prob_0_5","pytutils.timers","1615561945901532051","0","6455810149","1.0","4","60","4","60","0","0"
"Seed_Prob_0_4","pytutils.pretty","1615561853344245388","207","121156723094","0.6470588235294118","5","24","5","24","0","0"
"Seed_Prob_0_0","pytutils.trees","1615561358581920230","207","121432300621","0.75","6","68","6","68","0","0"
"Seed_Prob_0_9","pytutils.iters","1615562465341492535","209","121558647771","0.26666666666666666","6","79","6","79","0","0"
"Seed_Prob_0_4","pytutils.lazy.simple_import","1615561836847939470","299","121053804417","0.6","3","46","0","0","3","46"
"Seed_Prob_0_0","pytutils.urls","1615561358582811182","287","121174693798","0.75","4","18","4","18","0","0"
"Seed_Prob_0_9","pytutils.meth","1615562450279796229","0","5166912874","1.0","10","48","10","48","0","0"
"Seed_Prob_0_5","pytutils.lazy.simple_import","1615562005985922095","223","121272430041","0.6","7","108","0","0","7","108"
"Seed_Prob_0_2","pytutils.urls","1615561615239770075","224","121447207683","0.75","9","50","9","50","0","0"
"Seed_Prob_0_5","pytutils.tlds","1615562004124341759","306","121837633499","0.9166666666666666","5","34","4","31","1","3"
"Seed_Prob_0_2","pytutils.trees","1615561602468808909","228","121276488974","0.75","7","55","7","55","0","0"
"Seed_Prob_0_3","pytutils.lazy.lazy_regex","1615561707672872261","174","121379876236","0.6041666666666666","10","87","9","85","1","2"
"Seed_Prob_0_1","pytutils.path","1615561481068758549","179","121720543599","0.25","2","47","0","0","2","47"
"Seed_Prob_0_1","pytutils.files","1615561481446643517","184","124540515756","0.2413793103448276","10","128","8","102","2","26"
"Seed_Prob_0_7","pytutils.pretty","1615562242347216843","191","121988129175","0.6470588235294118","8","41","8","41","0","0"
"Seed_Prob_0_6","pytutils.rand","1615562103289707855","0","6525542623","1.0","9","22","9","22","0","0"
"Seed_Prob_0_8","pytutils.files","1615562338715295744","174","121604367973","0.3103448275862069","8","68","8","68","0","0"
"Seed_Prob_0_0","pytutils.pretty","1615561361772333439","147","124106666361","0.6470588235294118","10","59","10","59","0","0"
"Seed_Prob_0_6","pytutils.lazy.lazy_regex","1615562097166469929","180","121379717653","0.6041666666666666","10","83","10","83","0","0"
"Seed_Prob_0_4","pytutils.trees","1615561857992363093","198","122329943353","0.75","8","70","8","70","0","0"
"Seed_Prob_0_0","pytutils.lazy.simple_import","1615561368202939917","205","122113788859","0.6","6","121","0","0","6","121"
"Seed_Prob_0_6","pytutils.mappings","1615562068656574865","93","122670979673","0.576","19","332","17","295","2","37"
"Seed_Prob_0_4","pytutils.urls","1615561851125375400","226","121855856522","0.75","10","56","10","56","0","0"
"Seed_Prob_0_1","pytutils.urls","1615561510714098070","261","121843049708","0.75","5","27","5","27","0","0"
"Seed_Prob_0_4","pytutils.mappings","1615561835866189359","106","122563612586","0.616","20","298","18","271","2","27"
"Seed_Prob_0_0","pytutils.props","1615561357867359927","197","121475712485","0.6470588235294118","8","77","8","77","0","0"
"Seed_Prob_0_2","pytutils.memo","1615561606472920849","261","121708206496","0.25","9","43","9","43","0","0"
"Seed_Prob_0_9","pytutils.path","1615562458212911928","210","121592789954","0.25","5","106","0","0","5","106"
"Seed_Prob_0_8","pytutils.lazy.lazy_import","1615562344345472396","134","123632354292","0.43103448275862066","13","114","13","114","0","0"
"Seed_Prob_0_5","pytutils.memo","1615561975260394099","282","121685889751","0.25","8","51","8","51","0","0"
"Seed_Prob_0_8","pytutils.tlds","1615562344348823683","6","8762253237","1.0","7","47","6","44","1","3"
"Seed_Prob_0_5","pytutils.log","1615561942537346628","212","121212465719","0.7941176470588235","7","45","7","45","0","0"
"Seed_Prob_0_4","pytutils.lazy.lazy_regex","1615561854488080584","162","121964930402","0.6041666666666666","11","105","11","105","0","0"
"Seed_Prob_0_0","pytutils.debug","1615561314441758422","0","7375342786","1.0","7","114","0","0","7","114"
"Seed_Prob_0_9","pytutils.files","1615562425630093810","212","122905251683","0.3448275862068966","6","60","6","60","0","0"
"Seed_Prob_0_4","pytutils.rand","1615561850247259272","0","4332164355","1.0","2","5","2","5","0","0"
"Seed_Prob_0_2","pytutils.debug","1615561601261041755","0","8686544835","1.0","1","34","0","0","1","34"
"Seed_Prob_0_0","pytutils.memo","1615561355993497510","221","121495946206","0.25","8","42","8","42","0","0"
"Seed_Prob_0_2","pytutils.props","1615561606599851687","211","121589366276","0.6470588235294118","8","62","7","55","1","7"
"Seed_Prob_0_9","pytutils.urls","1615562470923424125","345","121150218097","0.75","8","38","8","38","0","0"
"Seed_Prob_0_9","pytutils.lazy.lazy_import","1615562480953708655","140","121665618151","0.41379310344827586","12","103","12","103","0","0"
"Seed_Prob_0_2","pytutils.lazy.lazy_regex","1615561581556237409","206","121251309895","0.6041666666666666","9","71","9","71","0","0"
"Seed_Prob_0_0","pytutils.iters","1615561308850511519","234","121175550728","0.26666666666666666","4","51","3","48","1","3"
"Seed_Prob_0_7","pytutils.iters","1615562226563146812","253","129434414368","0.26666666666666666","3","53","2","22","1","31"
"Seed_Prob_0_3","pytutils.debug","1615561706525008309","0","7435089268","1.0","1","13","0","0","1","13"
"Seed_Prob_0_1","pytutils.rand","1615561550802306452","0","6819664179","1.0","7","21","7","21","0","0"
"Seed_Prob_0_9","pytutils.rand","1615562482208664497","0","4717194553","1.0","4","10","4","10","0","0"
"Seed_Prob_0_7","pytutils.meth","1615562226740774462","0","11979666619","1.0","4","15","4","15","0","0"
"Seed_Prob_0_3","pytutils.sets","1615561722402705965","177","121649044468","0.6666666666666666","8","69","8","69","0","0"
"Seed_Prob_0_2","pytutils.mappings","1615561606472936881","102","122626999994","0.672","19","321","17","297","2","24"
"Seed_Prob_0_5","pytutils.sets","1615561977120411120","185","122586288034","0.6666666666666666","7","81","6","74","1","7"
"Seed_Prob_0_9","pytutils.env","1615562467087057891","264","123501742502","0.5","7","59","5","41","2","18"
"Seed_Prob_0_9","pytutils.mappings","1615562478468977883","111","123639249131","0.632","16","245","16","245","0","0"
"Seed_Prob_0_2","pytutils.rand","1615561589585690609","0","4932914459","1.0","10","25","10","25","0","0"
"Seed_Prob_0_6","pytutils.files","1615562093795537953","187","121528664526","0.3103448275862069","8","119","7","99","1","20"
"Seed_Prob_0_0","pytutils.pythree","1615561308856282587","274","121231315435","0.42857142857142855","5","29","5","29","0","0"
"Seed_Prob_0_5","pytutils.debug","1615561967073845326","0","7791113257","1.0","1","39","0","0","1","39"
"Seed_Prob_0_4","pytutils.files","1615561827746050546","190","121648865904","0.3448275862068966","7","82","6","64","1","18"
"Seed_Prob_0_6","pytutils.debug","1615562096966010994","0","8442707672","1.0","3","69","0","0","3","69"
"Seed_Prob_0_7","pytutils.lazy.lazy_import","1615562215726388234","152","122192512391","0.3879310344827586","12","100","12","100","0","0"
"Seed_Prob_0_1","pytutils.lazy.lazy_import","1615561537926464066","117","121561570111","0.4224137931034483","13","99","13","99","0","0"
"Seed_Prob_0_5","pytutils.rand","1615562003290475232","0","4526700259","1.0","3","7","3","7","0","0"
"Seed_Prob_0_3","pytutils.tlds","1615561707590424912","247","121428412996","0.9166666666666666","8","45","8","45","0","0"
"Seed_Prob_0_6","pytutils.props","1615562075022375146","256","121097772975","0.6470588235294118","7","47","7","47","0","0"
"Seed_Prob_0_7","pytutils.env","1615562191260141380","192","121342628872","0.5","8","65","7","59","1","6"
"Seed_Prob_0_1","pytutils.env","1615561507993029411","223","121279424241","0.5","7","48","7","48","0","0"
"Seed_Prob_0_3","pytutils.lazy.simple_import","1615561737518238804","327","121972575760","0.6","3","42","0","0","3","42"
"Seed_Prob_0_2","pytutils.files","1615561591518636349","165","123477772202","0.2413793103448276","8","103","7","97","1","6"
"Seed_Prob_0_8","pytutils.urls","1615562358466839118","311","121026614431","0.75","4","19","4","19","0","0"
"Seed_Prob_0_6","pytutils.memo","1615562053473439608","233","121520801131","0.25","9","60","9","60","0","0"
"Seed_Prob_0_8","pytutils.trees","1615562365959728725","151","121632326775","0.75","9","68","9","68","0","0"
"Seed_Prob_0_7","pytutils.mappings","1615562211723070072","102","121966925902","0.6","19","312","16","235","3","77"
"Seed_Prob_0_1","pytutils.mappings","1615561539442599517","99","123325675726","0.624","15","239","14","215","1","24"
"Seed_Prob_0_3","pytutils.timers","1615561709921667778","0","6923708090","1.0","10","125","8","111","2","14"
"Seed_Prob_0_0","pytutils.log","1615561353663627648","172","121698354521","0.7647058823529411","8","65","8","65","0","0"
"Seed_Prob_0_2","pytutils.env","1615561600300327587","191","121798209537","0.5","9","83","7","72","2","11"
"Seed_Prob_0_9","pytutils.trees","1615562470935197187","208","121201393713","0.75","6","57","6","57","0","0"
"Seed_Prob_0_2","pytutils.python","1615561594541127997","159","122136675533","0.3","8","156","0","0","8","156"
"Seed_Prob_0_8","pytutils.pretty","1615562344412099332","152","121644294376","0.6470588235294118","8","39","8","39","0","0"
"Seed_Prob_0_5","pytutils.props","1615561942941932445","241","121196402251","0.6470588235294118","7","56","7","56","0","0"
"Seed_Prob_0_4","pytutils.excs","1615561853982443998","134","123362561869","0.16666666666666666","10","261","0","0","10","261"
"Seed_Prob_0_0","pytutils.python","1615561359549236708","215","121741923313","0.3","7","83","0","0","7","83"
"Seed_Prob_0_9","pytutils.pythree","1615562425115552055","204","121331160090","0.42857142857142855","6","41","6","41","0","0"
"Seed_Prob_0_0","pytutils.env","1615561359424210961","195","121161650510","0.5","10","75","10","75","0","0"
"Seed_Prob_0_2","pytutils.log","1615561606472932379","187","121709976080","0.7647058823529411","10","69","9","62","1","7"
"Seed_Prob_0_9","pytutils.python","1615562458212590732","126","123005034605","0.3","8","220","0","0","8","220"
"Seed_Prob_0_8","pytutils.lazy.simple_import","1615562343354143108","252","122648691693","0.6","9","104","0","0","9","104"
"Seed_Prob_0_0","pytutils.lazy.lazy_import","1615561371501145558","128","123207413872","0.4396551724137931","13","107","13","107","0","0"
"Seed_Prob_0_4","pytutils.timers","1615561851327252247","0","7316879314","1.0","9","107","4","52","5","55"
"Seed_Prob_0_1","pytutils.trees","1615561510562409320","175","122604265707","0.75","8","68","8","68","0","0"
"Seed_Prob_0_0","pytutils.tlds","1615561371466678205","221","122449293482","0.9166666666666666","7","31","6","28","1","3"
"Seed_Prob_0_6","pytutils.excs","1615562102033774587","187","121710225049","0.16666666666666666","5","116","0","0","5","116"
"Seed_Prob_0_4","pytutils.path","1615561858845155129","181","124165901231","0.25","4","99","0","0","4","99"
"Seed_Prob_0_1","pytutils.pythree","1615561492652580478","307","121124968154","0.42857142857142855","5","29","5","29","0","0"
"Seed_Prob_0_7","pytutils.lazy.lazy_regex","1615562242348271588","169","122045465654","0.6041666666666666","10","90","9","76","1","14"
"Seed_Prob_0_3","pytutils.pretty","1615561707683966951","284","121480513658","0.6470588235294118","8","38","8","38","0","0"
"Seed_Prob_0_1","pytutils.python","1615561512303469450","107","122365483217","0.3","5","162","0","0","5","162"
"Seed_Prob_0_8","pytutils.path","1615562363302657360","335","121118130918","0.25","2","29","0","0","2","29"
"Seed_Prob_0_7","pytutils.lazy.simple_import","1615562216323005384","155","122110525218","0.6","10","203","0","0","10","203"
"Seed_Prob_0_1","pytutils.lazy.simple_import","1615561538864744156","193","121927328741","0.6","6","120","0","0","6","120"
"Seed_Prob_0_3","pytutils.env","1615561710254543652","235","121204187818","0.5","9","66","8","61","1","5"
"Seed_Prob_0_7","pytutils.timers","1615562213120153888","0","6912507614","1.0","5","63","4","60","1","3"
"Seed_Prob_0_1","pytutils.timers","1615561510931798900","0","6633850936","1.0","8","122","8","122","0","0"
"Seed_Prob_0_3","pytutils.mappings","1615561735607322246","99","123167867838","0.608","16","241","13","193","3","48"
"Seed_Prob_0_8","pytutils.timers","1615562330394347384","0","6725093174","1.0","7","125","6","110","1","15"
"Seed_Prob_0_6","pytutils.log","1615562070503720638","217","121973879051","0.7647058823529411","9","46","9","46","0","0"
"Seed_Prob_0_5","pytutils.excs","1615562006998795208","162","123128825935","0.16666666666666666","8","183","0","0","8","183"
"Seed_Prob_0_3","pytutils.lazy.lazy_import","1615561738034197242","113","122852907754","0.4482758620689655","15","123","15","123","0","0"
"Seed_Prob_0_6","pytutils.env","1615562075023312381","219","121884254623","0.5","8","71","6","47","2","24"
"Seed_Prob_0_6","pytutils.python","1615562099062835757","214","123182360585","0.3","2","49","0","0","2","49"
"Seed_Prob_0_7","pytutils.tlds","1615562216357592725","189","121461410152","0.9166666666666666","10","62","10","62","0","0"
"Seed_Prob_0_1","pytutils.tlds","1615561550785643875","22","18459010871","1.0","9","61","7","42","2","19"
"Seed_Prob_0_9","pytutils.lazy.simple_import","1615562478467744194","203","122814519328","0.6","8","151","0","0","8","151"
"Seed_Prob_0_0","pytutils.sets","1615561313854795696","151","121392843053","0.6666666666666666","9","80","8","72","1","8"
"Seed_Prob_0_5","pytutils.meth","1615561976267556179","0","7708267213","1.0","2","7","2","7","0","0"
"Seed_Prob_0_5","pytutils.iters","1615561977076019188","404","121927435515","0.26666666666666666","2","15","1","3","1","12"
"Seed_Prob_0_9","pytutils.timers","1615562467086671701","0","8776668564","1.0","10","147","7","83","3","64"
"Seed_Prob_0_9","pytutils.excs","1615562483345157295","199","121228523611","0.16666666666666666","1","34","0","0","1","34"
"Seed_Prob_0_7","pytutils.debug","1615562225847804866","0","15962159185","1.0","7","140","0","0","7","140"
"Seed_Prob_0_3","pytutils.iters","1615561703824915778","180","121889914169","0.26666666666666666","9","137","6","85","3","52"
"Seed_Prob_0_9","pytutils.tlds","1615562472179624546","3","6469499873","1.0","6","36","6","36","0","0"
"Seed_Prob_0_2","pytutils.excs","1615561589746495950","146","122683757151","0.16666666666666666","7","145","0","0","7","145"
"Seed_Prob_0_0","pytutils.meth","1615561313791475657","0","4357195631","1.0","4","18","4","18","0","0"
"Seed_Prob_0_7","pytutils.sets","1615562204324738422","204","122776235955","0.6666666666666666","6","58","6","58","0","0"
"Seed_Prob_0_3","pytutils.meth","1615561706637288340","0","4955186176","1.0","1","8","1","8","0","0"
"Seed_Prob_0_1","pytutils.excs","1615561550805571250","276","123012203124","0.16666666666666666","5","67","0","0","5","67"
