"ConfigurationId","TargetModule","RandomSeed","AlgorithmIterations","TotalTime","Coverage","Size","Length","FailingSize","FailingLength","PassingSize","PassingLength"
"Seed_Prob_0_0","pytutils.pretty","1615570469570371528","214","122029353027","0.6470588235294118","6","31","6","31","0","0"
"Seed_Prob_0_6","pytutils.lazy.lazy_regex","1615571214539629451","193","121807361352","0.6041666666666666","9","74","9","74","0","0"
"Seed_Prob_0_4","pytutils.trees","1615570944622860016","208","121962313710","0.75","9","77","9","77","0","0"
"Seed_Prob_0_8","pytutils.path","1615571433411816464","164","121593241742","0.25","6","128","0","0","6","128"
"Seed_Prob_0_7","pytutils.lazy.simple_import","1615571322937171885","240","121516730748","0.6","4","75","0","0","4","75"
"Seed_Prob_0_7","pytutils.timers","1615571345464911370","0","8095449758","1.0","10","114","5","45","5","69"
"Seed_Prob_0_1","pytutils.urls","1615570613437044566","241","122357762905","0.75","9","52","9","52","0","0"
"Seed_Prob_0_0","pytutils.lazy.simple_import","1615570479607635234","205","121685931084","0.6","4","94","0","0","4","94"
"Seed_Prob_0_6","pytutils.mappings","1615571185425457601","104","121878781228","0.608","17","261","14","239","3","22"
"Seed_Prob_0_4","pytutils.urls","1615570944620948973","340","121681661960","0.75","6","29","6","29","0","0"
"Seed_Prob_0_8","pytutils.timers","1615571473215780271","0","6295175011","1.0","7","96","5","55","2","41"
"Seed_Prob_0_3","pytutils.lazy.lazy_regex","1615570845453056172","192","121648161196","0.6041666666666666","9","76","9","76","0","0"
"Seed_Prob_0_1","pytutils.path","1615570555118959486","144","121404699821","0.25","6","165","0","0","6","165"
"Seed_Prob_0_6","pytutils.rand","1615571257291247200","0","5391523097","1.0","8","24","8","24","0","0"
"Seed_Prob_0_7","pytutils.tlds","1615571322840176933","253","121071223145","0.9166666666666666","8","55","8","55","0","0"
"Seed_Prob_0_1","pytutils.files","1615570572012012738","210","121504326034","0.3448275862068966","6","88","6","88","0","0"
"Seed_Prob_0_4","pytutils.rand","1615570973831936880","0","6526606923","1.0","10","38","10","38","0","0"
"Seed_Prob_0_9","pytutils.lazy.simple_import","1615571612765278489","201","121362947546","0.6","10","182","0","0","10","182"
"Seed_Prob_0_2","pytutils.debug","1615570705041426114","0","9392916123","1.0","2","35","0","0","2","35"
"Seed_Prob_0_9","pytutils.timers","1615571610654653515","0","6626126511","1.0","10","103","7","84","3","19"
"Seed_Prob_0_0","pytutils.memo","1615570465573308319","211","121261835647","0.25","8","47","8","47","0","0"
"Seed_Prob_0_2","pytutils.props","1615570717632349303","183","121991460293","0.6470588235294118","10","75","9","72","1","3"
"Seed_Prob_0_9","pytutils.excs","1615571617646119779","260","121283391594","0.16666666666666666","4","65","0","0","4","65"
"Seed_Prob_0_7","pytutils.debug","1615571311244997434","0","9471047573","1.0","7","158","0","0","7","158"
"Seed_Prob_0_5","pytutils.memo","1615571073336874235","278","121440700238","0.25","8","36","8","36","0","0"
"Seed_Prob_0_4","pytutils.mappings","1615570968055008462","92","122061885454","0.648","23","301","20","259","3","42"
"Seed_Prob_0_0","pytutils.props","1615570465541943778","198","121092278011","0.6470588235294118","9","73","9","73","0","0"
"Seed_Prob_0_2","pytutils.memo","1615570706898600638","211","121923285692","0.25","10","43","10","43","0","0"
"Seed_Prob_0_4","pytutils.lazy.lazy_regex","1615570979489830736","198","122564221018","0.6041666666666666","10","90","9","81","1","9"
"Seed_Prob_0_9","pytutils.tlds","1615571618358072760","227","121043179335","0.9166666666666666","9","51","9","51","0","0"
"Seed_Prob_0_0","pytutils.debug","1615570485006742960","0","10698968592","1.0","8","172","0","0","8","172"
"Seed_Prob_0_7","pytutils.sets","1615571352879761853","276","125396650884","0.6666666666666666","3","22","3","22","0","0"
"Seed_Prob_0_5","pytutils.log","1615571099133754026","152","122408540346","0.8235294117647058","9","62","9","62","0","0"
"Seed_Prob_0_9","pytutils.trees","1615571585047444083","202","121421133970","0.75","8","71","8","71","0","0"
"Seed_Prob_0_5","pytutils.sets","1615571041949490859","192","121178921772","0.6666666666666666","6","65","6","65","0","0"
"Seed_Prob_0_5","pytutils.debug","1615571074765454240","0","7624392787","1.0","5","49","0","0","5","49"
"Seed_Prob_0_2","pytutils.rand","1615570729183800263","0","6152389077","1.0","7","25","7","25","0","0"
"Seed_Prob_0_6","pytutils.files","1615571192099054431","261","121461513419","0.3448275862068966","5","57","4","46","1","11"
"Seed_Prob_0_0","pytutils.pythree","1615570480839578662","265","122088619742","0.42857142857142855","5","30","5","30","0","0"
"Seed_Prob_0_8","pytutils.pretty","1615571483882655836","159","121648863826","0.6470588235294118","9","59","9","59","0","0"
"Seed_Prob_0_3","pytutils.debug","1615570853312482058","0","7928401436","1.0","6","175","0","0","6","175"
"Seed_Prob_0_1","pytutils.rand","1615570600348046495","0","6854864072","1.0","10","29","10","29","0","0"
"Seed_Prob_0_2","pytutils.lazy.lazy_regex","1615570705041960879","169","122750137135","0.6041666666666666","11","112","11","112","0","0"
"Seed_Prob_0_0","pytutils.iters","1615570485006678015","274","121788320501","0.26666666666666666","6","50","4","37","2","13"
"Seed_Prob_0_9","pytutils.pythree","1615571578931669005","294","121010342005","0.42857142857142855","3","20","3","20","0","0"
"Seed_Prob_0_2","pytutils.mappings","1615570684513436124","103","122993311445","0.584","16","273","16","273","0","0"
"Seed_Prob_0_9","pytutils.python","1615571586691682477","166","122226723714","0.3","4","99","0","0","4","99"
"Seed_Prob_0_8","pytutils.lazy.simple_import","1615571483674364462","247","121262479131","0.6","5","93","0","0","5","93"
"Seed_Prob_0_3","pytutils.sets","1615570851924136315","163","122187337270","0.6666666666666666","9","83","9","83","0","0"
"Seed_Prob_0_2","pytutils.files","1615570661849716870","194","121451158700","0.3448275862068966","7","101","7","101","0","0"
"Seed_Prob_0_6","pytutils.memo","1615571208712973516","302","122666531503","0.25","7","34","7","34","0","0"
"Seed_Prob_0_1","pytutils.env","1615570613304163454","235","123334733024","0.5","6","62","6","62","0","0"
"Seed_Prob_0_3","pytutils.lazy.simple_import","1615570884703146910","215","121726786605","0.6","7","114","0","0","7","114"
"Seed_Prob_0_1","pytutils.mappings","1615570638293754209","89","125173995997","0.608","20","328","20","328","0","0"
"Seed_Prob_0_3","pytutils.timers","1615570876407661899","0","7973451861","1.0","8","88","7","78","1","10"
"Seed_Prob_0_1","pytutils.lazy.lazy_import","1615570639667180958","141","124457253297","0.4482758620689655","11","77","11","77","0","0"
"Seed_Prob_0_7","pytutils.lazy.lazy_regex","1615571372285999682","177","122156937133","0.6041666666666666","8","82","8","82","0","0"
"Seed_Prob_0_4","pytutils.files","1615570967706272587","226","123694257049","0.3448275862068966","8","101","8","101","0","0"
"Seed_Prob_0_6","pytutils.debug","1615571220299233817","0","10371990534","1.0","5","115","0","0","5","115"
"Seed_Prob_0_6","pytutils.props","1615571234155599194","247","123435127900","0.6470588235294118","7","44","6","39","1","5"
"Seed_Prob_0_5","pytutils.rand","1615571105623817601","0","5193884020","1.0","5","11","5","11","0","0"
"Seed_Prob_0_3","pytutils.tlds","1615570862999023886","10","9138968543","1.0","6","36","5","33","1","3"
"Seed_Prob_0_4","pytutils.excs","1615570972777816633","183","121593916591","0.16666666666666666","3","83","0","0","3","83"
"Seed_Prob_0_9","pytutils.lazy.lazy_import","1615571615674418940","155","121420256389","0.4396551724137931","13","99","12","93","1","6"
"Seed_Prob_0_0","pytutils.python","1615570462717803444","172","121758231371","0.3","6","125","0","0","6","125"
"Seed_Prob_0_7","pytutils.iters","1615571352868478276","266","125210371063","0.26666666666666666","4","16","4","16","0","0"
"Seed_Prob_0_5","pytutils.props","1615571099133007461","240","122154944053","0.6470588235294118","6","38","6","38","0","0"
"Seed_Prob_0_9","pytutils.rand","1615571618353723100","0","5709289715","1.0","4","9","4","9","0","0"
"Seed_Prob_0_7","pytutils.meth","1615571311371817902","0","5511067451","1.0","7","32","7","32","0","0"
"Seed_Prob_0_0","pytutils.env","1615570461814538776","288","121187904327","0.5","2","35","1","9","1","26"
"Seed_Prob_0_2","pytutils.log","1615570717155248950","187","121608325434","0.7941176470588235","9","61","9","61","0","0"
"Seed_Prob_0_9","pytutils.env","1615571598847934666","382","121067797276","0.5","3","22","2","17","1","5"
"Seed_Prob_0_0","pytutils.log","1615570465572462278","179","121536002610","0.7941176470588235","10","57","10","57","0","0"
"Seed_Prob_0_2","pytutils.env","1615570705206624576","261","121290793211","0.5","6","42","4","29","2","13"
"Seed_Prob_0_9","pytutils.mappings","1615571613564859370","124","122738949888","0.584","17","274","14","228","3","46"
"Seed_Prob_0_2","pytutils.python","1615570705142924108","144","122022652935","0.3","5","135","0","0","5","135"
"Seed_Prob_0_7","pytutils.lazy.lazy_import","1615571322936818045","124","122253181593","0.43103448275862066","14","117","14","117","0","0"
"Seed_Prob_0_1","pytutils.pythree","1615570571084318468","233","121574425615","0.42857142857142855","10","54","10","54","0","0"
"Seed_Prob_0_3","pytutils.pretty","1615570845541186741","182","121396878559","0.6470588235294118","7","42","7","42","0","0"
"Seed_Prob_0_1","pytutils.python","1615570555208231657","134","122600066983","0.3","6","150","0","0","6","150"
"Seed_Prob_0_7","pytutils.env","1615571330086641441","238","121400642954","0.5","5","53","5","53","0","0"
"Seed_Prob_0_1","pytutils.trees","1615570609946916463","179","122404531927","0.75","11","79","11","79","0","0"
"Seed_Prob_0_0","pytutils.lazy.lazy_import","1615570479610759957","135","122107810050","0.4396551724137931","15","128","13","123","2","5"
"Seed_Prob_0_4","pytutils.timers","1615570943306684588","0","6560365568","1.0","6","48","5","43","1","5"
"Seed_Prob_0_8","pytutils.urls","1615571464097936902","291","121326008167","0.75","5","26","5","26","0","0"
"Seed_Prob_0_0","pytutils.tlds","1615570469566531840","278","121686942106","0.9166666666666666","8","64","5","44","3","20"
"Seed_Prob_0_6","pytutils.excs","1615571214371780577","183","121993721965","0.16666666666666666","9","176","0","0","9","176"
"Seed_Prob_0_4","pytutils.path","1615570944620709448","143","122030202709","0.25","6","162","0","0","6","162"
"Seed_Prob_0_8","pytutils.trees","1615571430844633700","207","121686904443","0.75","7","49","7","49","0","0"
"Seed_Prob_0_7","pytutils.mappings","1615571322937291778","120","122150083777","0.624","14","221","12","200","2","21"
"Seed_Prob_0_6","pytutils.env","1615571234161337724","220","123445171491","0.5","10","78","9","76","1","2"
"Seed_Prob_0_5","pytutils.excs","1615571117182896716","143","122776947339","0.16666666666666666","10","242","0","0","10","242"
"Seed_Prob_0_3","pytutils.lazy.lazy_import","1615570864701658493","148","123143847554","0.43103448275862066","14","115","13","108","1","7"
"Seed_Prob_0_1","pytutils.tlds","1615570638886198380","404","123483079596","0.9166666666666666","4","19","3","15","1","4"
"Seed_Prob_0_7","pytutils.pretty","1615571371009855766","190","122632102065","0.6470588235294118","9","42","9","42","0","0"
"Seed_Prob_0_8","pytutils.files","1615571462279722638","182","121634008371","0.3448275862068966","10","130","8","116","2","14"
"Seed_Prob_0_6","pytutils.python","1615571209068418677","176","121430486281","0.3","2","53","0","0","2","53"
"Seed_Prob_0_1","pytutils.lazy.simple_import","1615570639674702110","430","123349553489","0.6","2","11","0","0","2","11"
"Seed_Prob_0_3","pytutils.env","1615570876480634047","213","123552786666","0.5","8","58","7","56","1","2"
"Seed_Prob_0_6","pytutils.log","1615571228896380057","199","121627541209","0.7647058823529411","8","50","8","50","0","0"
"Seed_Prob_0_1","pytutils.timers","1615570613498737585","0","7682588364","1.0","8","108","8","108","0","0"
"Seed_Prob_0_3","pytutils.mappings","1615570885435634340","103","125308222159","0.544","17","246","14","201","3","45"
"Seed_Prob_0_9","pytutils.path","1615571585558244540","164","121943739918","0.25","10","194","0","0","10","194"
"Seed_Prob_0_8","pytutils.lazy.lazy_import","1615571483677577624","146","122230764688","0.43103448275862066","12","95","12","95","0","0"
"Seed_Prob_0_3","pytutils.iters","1615570853310672365","162","121918819314","0.26666666666666666","9","148","4","52","5","96"
"Seed_Prob_0_8","pytutils.tlds","1615571483648051036","5","7525503844","1.0","8","47","8","47","0","0"
"Seed_Prob_0_3","pytutils.meth","1615570853599909847","0","5350294402","1.0","9","43","9","43","0","0"
"Seed_Prob_0_1","pytutils.excs","1615570602671247229","149","123355742381","0.16666666666666666","6","141","0","0","6","141"
"Seed_Prob_0_2","pytutils.excs","1615570699835995829","294","124363268281","0.16666666666666666","1","24","0","0","1","24"
"Seed_Prob_0_0","pytutils.meth","1615570484349744593","0","6286537863","1.0","5","32","5","32","0","0"
"Seed_Prob_0_9","pytutils.files","1615571576890220069","190","122202909505","0.3448275862068966","11","115","9","99","2","16"
"Seed_Prob_0_5","pytutils.meth","1615571097791722092","0","4991175780","1.0","8","35","8","35","0","0"
"Seed_Prob_0_0","pytutils.sets","1615570483018496381","160","122934342312","0.6666666666666666","8","79","8","79","0","0"
"Seed_Prob_0_9","pytutils.urls","1615571586695184043","239","121223508979","0.75","9","53","9","53","0","0"
"Seed_Prob_0_5","pytutils.iters","1615571098738888339","202","122198272358","0.26666666666666666","8","96","7","78","1","18"
"Seed_Prob_0_7","pytutils.rand","1615571340647432358","0","4995730073","1.0","5","17","5","17","0","0"
"Seed_Prob_0_8","pytutils.pythree","1615571459821315489","370","121399497305","0.42857142857142855","4","22","4","22","0","0"
"Seed_Prob_0_4","pytutils.sets","1615570952459203097","205","121552764890","0.6666666666666666","7","68","7","68","0","0"
"Seed_Prob_0_6","pytutils.path","1615571209061339540","156","121803578840","0.25","8","178","0","0","8","178"
"Seed_Prob_0_2","pytutils.meth","1615570705041045422","0","7971680852","1.0","7","38","7","38","0","0"
"Seed_Prob_0_6","pytutils.timers","1615571222846377536","0","7286091907","1.0","7","66","6","59","1","7"
"Seed_Prob_0_5","pytutils.lazy.lazy_regex","1615571117679284606","182","121670461845","0.6041666666666666","8","82","8","82","0","0"
"Seed_Prob_0_2","pytutils.sets","1615570693679655467","158","121805062460","0.6666666666666666","11","117","11","117","0","0"
"Seed_Prob_0_1","pytutils.log","1615570635883206470","184","121237990677","0.7941176470588235","10","57","10","57","0","0"
"Seed_Prob_0_1","pytutils.memo","1615570637460055982","217","122138371787","0.25","10","47","10","47","0","0"
"Seed_Prob_0_3","pytutils.props","1615570873643240586","205","122839453581","0.6470588235294118","9","71","9","71","0","0"
"Seed_Prob_0_8","pytutils.iters","1615571467475239656","232","121436433967","0.26666666666666666","5","38","5","38","0","0"
"Seed_Prob_0_4","pytutils.meth","1615570953372218638","0","6998371638","1.0","5","23","5","23","0","0"
"Seed_Prob_0_8","pytutils.excs","1615571490409855117","169","122558513146","0.16666666666666666","6","150","0","0","6","150"
"Seed_Prob_0_5","pytutils.urls","1615571078557988995","326","121368860786","0.75","4","24","4","24","0","0"
"Seed_Prob_0_3","pytutils.path","1615570843442425264","138","123421994767","0.25","10","221","0","0","10","221"
"Seed_Prob_0_1","pytutils.lazy.lazy_regex","1615570590520118240","180","134302417235","0.6041666666666666","10","74","10","74","0","0"
"Seed_Prob_0_2","pytutils.tlds","1615570705027612459","258","122468690177","0.9166666666666666","7","38","7","38","0","0"
"Seed_Prob_0_6","pytutils.meth","1615571217035649124","0","6944591857","1.0","5","25","5","25","0","0"
"Seed_Prob_0_9","pytutils.iters","1615571546012213958","233","121284497313","0.26666666666666666","9","85","6","59","3","26"
"Seed_Prob_0_2","pytutils.lazy.lazy_import","1615570705041023146","135","122999853608","0.4396551724137931","13","114","13","114","0","0"
"Seed_Prob_0_9","pytutils.meth","1615571550700319395","0","5212687925","1.0","6","35","6","35","0","0"
"Seed_Prob_0_3","pytutils.files","1615570853313232100","175","121671897884","0.3448275862068966","9","129","9","129","0","0"
"Seed_Prob_0_5","pytutils.files","1615571049820499507","196","122650967341","0.3103448275862069","6","88","6","88","0","0"
"Seed_Prob_0_5","pytutils.path","1615571078561335303","205","121516858814","0.25","4","92","0","0","4","92"
"Seed_Prob_0_3","pytutils.urls","1615570794450130419","185","121380199849","0.75","9","48","9","48","0","0"
"Seed_Prob_0_6","pytutils.sets","1615571193846690661","167","121654875909","0.6666666666666666","10","73","10","73","0","0"
"Seed_Prob_0_9","pytutils.pretty","1615571618342298280","207","121320345657","0.6470588235294118","8","44","8","44","0","0"
"Seed_Prob_0_7","pytutils.path","1615571311128076350","126","121724286490","0.25","10","255","0","0","10","255"
"Seed_Prob_0_5","pytutils.mappings","1615571073164358313","133","123128488798","0.608","16","222","14","200","2","22"
"Seed_Prob_0_4","pytutils.lazy.lazy_import","1615570983555812135","134","122948713301","0.41379310344827586","14","111","13","103","1","8"
"Seed_Prob_0_0","pytutils.timers","1615570464578633302","0","8908699521","1.0","9","114","7","85","2","29"
"Seed_Prob_0_4","pytutils.tlds","1615570984855448177","318","121079343442","0.9166666666666666","6","31","6","31","0","0"
"Seed_Prob_0_0","pytutils.path","1615570465639172971","462","120945812192","0.25","1","8","0","0","1","8"
"Seed_Prob_0_7","pytutils.files","1615571318308219805","255","121646253763","0.3448275862068966","8","70","5","44","3","26"
"Seed_Prob_0_5","pytutils.env","1615571092325923344","313","121479749471","0.5","4","29","4","29","0","0"
"Seed_Prob_0_2","pytutils.path","1615570705979507431","165","122262316930","0.25","6","136","0","0","6","136"
"Seed_Prob_0_7","pytutils.urls","1615571344408100176","431","121613110053","0.75","3","15","3","15","0","0"
"Seed_Prob_0_5","pytutils.lazy.lazy_import","1615571117667754560","150","121652714580","0.45689655172413796","13","103","12","96","1","7"
"Seed_Prob_0_9","pytutils.props","1615571618628717019","226","121271369012","0.6470588235294118","8","63","8","63","0","0"
"Seed_Prob_0_2","pytutils.timers","1615570705948321716","0","7626489578","1.0","3","45","3","45","0","0"
"Seed_Prob_0_3","pytutils.rand","1615570826813785075","0","4683012136","1.0","6","28","6","28","0","0"
"Seed_Prob_0_1","pytutils.debug","1615570561192610220","0","7978864149","1.0","1","24","0","0","1","24"
"Seed_Prob_0_4","pytutils.log","1615570977156229916","218","122148525000","0.7647058823529411","9","65","8","58","1","7"
"Seed_Prob_0_8","pytutils.memo","1615571472125403922","305","121183495340","0.25","6","35","6","35","0","0"
"Seed_Prob_0_1","pytutils.sets","1615570574288478469","167","122673229473","0.6666666666666666","7","74","7","74","0","0"
"Seed_Prob_0_6","pytutils.tlds","1615571189809619744","20","12644121516","1.0","6","32","6","32","0","0"
"Seed_Prob_0_0","pytutils.excs","1615570479607212056","167","123891252120","0.16666666666666666","1","36","0","0","1","36"
"Seed_Prob_0_4","pytutils.python","1615570939884879432","162","122209261248","0.3","6","140","0","0","6","140"
"Seed_Prob_0_8","pytutils.debug","1615571433405580723","0","7728930460","1.0","4","77","0","0","4","77"
"Seed_Prob_0_7","pytutils.props","1615571329612701672","221","121758711607","0.6470588235294118","10","80","8","60","2","20"
"Seed_Prob_0_6","pytutils.lazy.lazy_import","1615571189728065758","150","122217120831","0.45689655172413796","13","111","13","111","0","0"
"Seed_Prob_0_4","pytutils.env","1615570978876602167","198","121622712619","0.5","10","54","10","54","0","0"
"Seed_Prob_0_8","pytutils.props","1615571472131483249","189","121358540137","0.6470588235294118","10","83","10","83","0","0"
"Seed_Prob_0_8","pytutils.rand","1615571490409895240","0","5250944647","1.0","5","19","5","19","0","0"
"Seed_Prob_0_5","pytutils.python","1615571101002912676","197","122709022401","0.3","6","109","0","0","6","109"
"Seed_Prob_0_3","pytutils.trees","1615570796116876024","166","121597055692","0.75","9","76","9","76","0","0"
"Seed_Prob_0_0","pytutils.files","1615570469908060735","213","122009498398","0.3103448275862069","8","110","7","104","1","6"
"Seed_Prob_0_6","pytutils.pythree","1615571193754453070","200","121383760388","0.42857142857142855","8","68","8","68","0","0"
"Seed_Prob_0_5","pytutils.pythree","1615571041888319038","252","121465673384","0.42857142857142855","9","57","9","57","0","0"
"Seed_Prob_0_2","pytutils.lazy.simple_import","1615570706310555498","179","121430484380","0.6","2","72","0","0","2","72"
"Seed_Prob_0_9","pytutils.debug","1615571578490617306","0","8272923943","1.0","5","93","0","0","5","93"
"Seed_Prob_0_8","pytutils.mappings","1615571483884207794","122","122016127097","0.624","18","291","13","211","5","80"
"Seed_Prob_0_3","pytutils.pythree","1615570852400973177","198","121665265703","0.42857142857142855","10","65","10","65","0","0"
"Seed_Prob_0_8","pytutils.lazy.lazy_regex","1615571490219827194","222","121558435659","0.6041666666666666","9","85","9","85","0","0"
"Seed_Prob_0_5","pytutils.trees","1615571078640071511","237","122074508531","0.75","7","52","6","48","1","4"
"Seed_Prob_0_3","pytutils.python","1615570843388674762","195","121932689468","0.3","4","91","0","0","4","91"
"Seed_Prob_0_1","pytutils.pretty","1615570589066585101","145","121259218915","0.6470588235294118","10","54","10","54","0","0"
"Seed_Prob_0_2","pytutils.pretty","1615570703728737533","203","122984792510","0.6470588235294118","10","58","10","58","0","0"
"Seed_Prob_0_6","pytutils.iters","1615571221306216167","264","122060405659","0.26666666666666666","6","47","5","41","1","6"
"Seed_Prob_0_9","pytutils.sets","1615571546040965698","185","121551042182","0.6666666666666666","7","73","7","73","0","0"
"Seed_Prob_0_3","pytutils.log","1615570873643921112","178","122708865013","0.7941176470588235","9","76","9","76","0","0"
"Seed_Prob_0_8","pytutils.meth","1615571467845785292","0","5167959827","1.0","5","24","5","24","0","0"
"Seed_Prob_0_4","pytutils.iters","1615570953065748152","291","122523520484","0.26666666666666666","3","25","3","25","0","0"
"Seed_Prob_0_2","pytutils.pythree","1615570693946982339","386","121143570240","0.42857142857142855","2","13","2","13","0","0"
"Seed_Prob_0_1","pytutils.props","1615570623727406011","199","121727415529","0.6470588235294118","10","66","8","59","2","7"
"Seed_Prob_0_3","pytutils.memo","1615570873291636494","187","122950267184","0.25","10","58","10","58","0","0"
"Seed_Prob_0_2","pytutils.iters","1615570692373743063","181","121639990443","0.26666666666666666","10","98","9","92","1","6"
"Seed_Prob_0_6","pytutils.urls","1615571208950845111","269","121272953412","0.75","9","47","9","47","0","0"
"Seed_Prob_0_5","pytutils.pretty","1615571116420185937","123","121593606678","0.6470588235294118","9","57","9","57","0","0"
"Seed_Prob_0_7","pytutils.excs","1615571372386736375","207","122640027069","0.16666666666666666","10","142","0","0","10","142"
"Seed_Prob_0_8","pytutils.sets","1615571431885019635","181","121173543541","0.6666666666666666","9","93","9","93","0","0"
"Seed_Prob_0_4","pytutils.pythree","1615570952461999774","242","121137765407","0.42857142857142855","8","46","8","46","0","0"
"Seed_Prob_0_6","pytutils.trees","1615571208791243286","170","121530793378","0.75","8","81","8","81","0","0"
"Seed_Prob_0_7","pytutils.log","1615571320454962214","163","121455648389","0.7941176470588235","10","68","10","68","0","0"
"Seed_Prob_0_6","pytutils.lazy.simple_import","1615571184967716543","315","121272105147","0.6","5","60","0","0","5","60"
"Seed_Prob_0_0","pytutils.mappings","1615570465573132535","103","122473910333","0.656","18","268","14","201","4","67"
"Seed_Prob_0_4","pytutils.props","1615570977161111984","179","122166801542","0.6470588235294118","9","63","9","63","0","0"
"Seed_Prob_0_8","pytutils.env","1615571473423787012","254","121279971331","0.5","5","27","5","27","0","0"
"Seed_Prob_0_6","pytutils.pretty","1615571189357157891","228","121238144293","0.6470588235294118","10","62","10","62","0","0"
"Seed_Prob_0_0","pytutils.lazy.lazy_regex","1615570479608454170","160","121258312773","0.6041666666666666","9","70","8","59","1","11"
"Seed_Prob_0_4","pytutils.debug","1615570938554586109","0","6602651424","1.0","10","201","0","0","10","201"
"Seed_Prob_0_8","pytutils.python","1615571433376107182","173","122232470707","0.3","7","132","0","0","7","132"
"Seed_Prob_0_7","pytutils.memo","1615571330074365624","233","121513570665","0.25","10","62","10","62","0","0"
"Seed_Prob_0_0","pytutils.rand","1615570477928996468","0","6112943289","1.0","2","5","2","5","0","0"
"Seed_Prob_0_1","pytutils.iters","1615570574297559617","233","122575617821","0.26666666666666666","4","54","4","54","0","0"
"Seed_Prob_0_3","pytutils.excs","1615570826469649340","201","121732281175","0.16666666666666666","2","56","0","0","2","56"
"Seed_Prob_0_1","pytutils.meth","1615570561211234786","0","5962081306","1.0","9","41","9","41","0","0"
"Seed_Prob_0_4","pytutils.memo","1615570967052853520","205","121661541853","0.25","8","37","8","37","0","0"
"Seed_Prob_0_8","pytutils.log","1615571470746603941","188","122132786598","0.7647058823529411","10","79","10","79","0","0"
"Seed_Prob_0_7","pytutils.trees","1615571347162691205","190","123075535067","0.75","8","68","8","68","0","0"
"Seed_Prob_0_5","pytutils.tlds","1615571116891239982","8","9080952437","1.0","7","42","7","42","0","0"
"Seed_Prob_0_9","pytutils.log","1615571617220045654","210","121464757581","0.7941176470588235","9","65","9","65","0","0"
"Seed_Prob_0_2","pytutils.urls","1615570706346030650","344","123714557013","0.75","3","17","3","17","0","0"
"Seed_Prob_0_9","pytutils.memo","1615571614305845400","230","121480229263","0.25","8","32","8","32","0","0"
"Seed_Prob_0_2","pytutils.trees","1615570706335573665","213","123734991409","0.75","7","73","7","73","0","0"
"Seed_Prob_0_4","pytutils.pretty","1615571002852729364","182","123139042378","0.6470588235294118","7","36","7","36","0","0"
"Seed_Prob_0_0","pytutils.trees","1615570464612035813","177","122239714063","0.75","9","69","9","69","0","0"
"Seed_Prob_0_7","pytutils.pythree","1615571325856941827","296","121500400487","0.42857142857142855","4","21","4","21","0","0"
"Seed_Prob_0_5","pytutils.timers","1615571092319413929","0","6458828099","1.0","4","70","4","70","0","0"
"Seed_Prob_0_9","pytutils.lazy.lazy_regex","1615571616089599379","216","121702182503","0.6041666666666666","10","74","9","64","1","10"
"Seed_Prob_0_7","pytutils.python","1615571311436869627","151","121834032813","0.3","2","64","0","0","2","64"
"Seed_Prob_0_5","pytutils.lazy.simple_import","1615571073337721451","208","121486033982","0.6","3","76","0","0","3","76"
"Seed_Prob_0_4","pytutils.lazy.simple_import","1615570985549870480","280","121430595202","0.6","4","66","0","0","4","66"
"Seed_Prob_0_0","pytutils.urls","1615570465635684143","274","121130784323","0.75","10","56","10","56","0","0"
