"ConfigurationId","TargetModule","RandomSeed","AlgorithmIterations","TotalTime","Coverage","Size","Length","FailingSize","FailingLength","PassingSize","PassingLength"
"Seed_Prob_0_9","async_btree.control","1615562330947734729","167","121720696455","0.36363636363636365","8","124","5","75","3","49"
"Seed_Prob_0_1","async_btree.utils","1615561334980687883","303","121010691840","0.15789473684210525","3","18","3","18","0","0"
"Seed_Prob_0_7","async_btree.decorator","1615562088872224534","167","121520681920","0.30612244897959184","10","139","4","34","6","105"
"Seed_Prob_0_1","async_btree.leaf","1615561339938302372","190","122853827352","0.5","4","82","0","0","4","82"
"Seed_Prob_0_8","async_btree.definition","1615562207527943509","215","121535194084","0.5333333333333333","8","97","5","47","3","50"
"Seed_Prob_0_2","async_btree.leaf","1615561491739931874","168","122342633358","0.5","8","131","0","0","8","131"
"Seed_Prob_0_0","async_btree.analyze","1615561316618349623","324","121904124808","0.16666666666666666","7","17","7","17","0","0"
"Seed_Prob_0_0","async_btree.leaf","1615561317460730176","208","122433112118","0.5","3","59","0","0","3","59"
"Seed_Prob_0_2","async_btree.analyze","1615561491739926181","366","121625544071","0.16666666666666666","6","13","6","13","0","0"
"Seed_Prob_0_3","async_btree.decorator","1615561613576357621","178","122193406092","0.30612244897959184","7","128","3","75","4","53"
"Seed_Prob_0_4","async_btree.utils","1615561742346051046","296","122986876738","0.15789473684210525","2","26","1","23","1","3"
"Seed_Prob_0_6","async_btree.leaf","1615561982459685555","178","121651147054","0.5","2","54","0","0","2","54"
"Seed_Prob_0_6","async_btree.analyze","1615561989619162247","282","121860225582","0.16666666666666666","8","16","8","16","0","0"
"Seed_Prob_0_5","async_btree.decorator","1615561859425947041","153","123294836574","0.30612244897959184","9","177","3","33","6","144"
"Seed_Prob_0_4","async_btree.control","1615561742535391819","178","121778946595","0.36363636363636365","8","112","6","100","2","12"
"Seed_Prob_0_8","async_btree.decorator","1615562207460294288","141","122070670283","0.30612244897959184","10","203","4","98","6","105"
"Seed_Prob_0_1","async_btree.analyze","1615561340584405170","251","122506034127","0.16666666666666666","11","25","11","25","0","0"
"Seed_Prob_0_7","async_btree.control","1615562094174744272","167","121391871633","0.36363636363636365","10","102","8","74","2","28"
"Seed_Prob_0_9","async_btree.decorator","1615562330947275985","163","121865499915","0.30612244897959184","8","136","4","62","4","74"
"Seed_Prob_0_5","async_btree.control","1615561838678929786","159","121600567517","0.3333333333333333","8","125","4","47","4","78"
"Seed_Prob_0_4","async_btree.analyze","1615561742535531971","221","121317715106","0.16666666666666666","8","18","8","18","0","0"
"Seed_Prob_0_7","async_btree.definition","1615562089346112405","270","121161322584","0.5333333333333333","7","47","3","11","4","36"
"Seed_Prob_0_6","async_btree.control","1615561989619921566","201","122312705331","0.36363636363636365","9","86","7","61","2","25"
"Seed_Prob_0_6","async_btree.utils","1615561982458057383","255","121380309502","0.15789473684210525","9","63","7","41","2","22"
"Seed_Prob_0_3","async_btree.control","1615561616093008198","168","122067263396","0.3333333333333333","9","124","8","118","1","6"
"Seed_Prob_0_4","async_btree.leaf","1615561720734958688","367","121201044343","0.5","1","9","0","0","1","9"
"Seed_Prob_0_2","async_btree.control","1615561490326282010","181","122934580852","0.36363636363636365","9","109","7","80","2","29"
"Seed_Prob_0_0","async_btree.utils","1615561317460875740","265","122073335874","0.15789473684210525","7","46","5","34","2","12"
"Seed_Prob_0_0","async_btree.control","1615561317461034902","181","122670615972","0.3333333333333333","10","62","9","58","1","4"
"Seed_Prob_0_2","async_btree.utils","1615561485810265618","263","121472090991","0.15789473684210525","3","30","3","30","0","0"
"Seed_Prob_0_6","async_btree.decorator","1615561988854199133","160","122261044143","0.30612244897959184","10","172","4","68","6","104"
"Seed_Prob_0_5","async_btree.analyze","1615561839076775807","245","121116827088","0.16666666666666666","9","16","9","16","0","0"
"Seed_Prob_0_3","async_btree.analyze","1615561608387258252","253","121278569816","0.16666666666666666","8","22","8","22","0","0"
"Seed_Prob_0_2","async_btree.decorator","1615561491739931096","157","122218822118","0.30612244897959184","5","115","2","22","3","93"
"Seed_Prob_0_0","async_btree.decorator","1615561317458280680","170","122562638219","0.30612244897959184","7","116","3","26","4","90"
"Seed_Prob_0_8","async_btree.utils","1615562223842843814","197","121660073437","0.15789473684210525","7","60","7","60","0","0"
"Seed_Prob_0_8","async_btree.control","1615562219642759228","159","122043669451","0.36363636363636365","10","150","7","86","3","64"
"Seed_Prob_0_7","async_btree.analyze","1615562094038446716","243","121207577909","0.16666666666666666","9","19","9","19","0","0"
"Seed_Prob_0_1","async_btree.control","1615561340584069877","201","122511957697","0.3333333333333333","6","66","3","40","3","26"
"Seed_Prob_0_9","async_btree.leaf","1615562364127121721","160","121555649258","0.5","6","128","0","0","6","128"
"Seed_Prob_0_9","async_btree.utils","1615562363744849472","223","121499461049","0.15789473684210525","5","50","5","50","0","0"
"Seed_Prob_0_3","async_btree.leaf","1615561607032661216","265","121402987227","0.5","3","47","0","0","3","47"
"Seed_Prob_0_3","async_btree.utils","1615561608335684633","217","121180939498","0.15789473684210525","8","49","7","44","1","5"
"Seed_Prob_0_4","async_btree.decorator","1615561742344829652","231","123530178384","0.30612244897959184","6","90","2","33","4","57"
"Seed_Prob_0_5","async_btree.utils","1615561867485594628","235","121051617955","0.15789473684210525","4","32","4","32","0","0"
"Seed_Prob_0_5","async_btree.leaf","1615561867304484296","151","121859515002","0.5","6","118","0","0","6","118"
"Seed_Prob_0_9","async_btree.analyze","1615562330919464650","191","121511254897","0.16666666666666666","9","20","9","20","0","0"
"Seed_Prob_0_7","async_btree.leaf","1615562094617664278","177","122263330758","0.5","9","163","0","0","9","163"
"Seed_Prob_0_7","async_btree.utils","1615562094176785522","281","121401919800","0.15789473684210525","7","41","6","35","1","6"
"Seed_Prob_0_1","async_btree.decorator","1615561348928216126","168","124779578013","0.30612244897959184","7","143","3","57","4","86"
"Seed_Prob_0_9","async_btree.definition","1615562330261004090","188","121245808261","0.5333333333333333","5","55","5","55","0","0"
"Seed_Prob_0_8","async_btree.analyze","1615562223654127831","240","121129191578","0.16666666666666666","11","21","11","21","0","0"
"Seed_Prob_0_8","async_btree.leaf","1615562223653394577","116","122058315931","0.5","5","146","0","0","5","146"
