"ConfigurationId","TargetModule","RandomSeed","AlgorithmIterations","TotalTime","Coverage","Size","Length","FailingSize","FailingLength","PassingSize","PassingLength"
"Seed_Prob_0_8","async_btree.decorator","1615560710998334953","151","122235356179","0.30612244897959184","10","196","2","33","8","163"
"Seed_Prob_0_7","async_btree.control","1615560555717368117","200","122343713555","0.36363636363636365","8","88","6","73","2","15"
"Seed_Prob_0_1","async_btree.analyze","1615559814064582413","259","121674187550","0.16666666666666666","9","17","9","17","0","0"
"Seed_Prob_0_9","async_btree.decorator","1615560823007232451","200","122310072282","0.30612244897959184","8","86","3","31","5","55"
"Seed_Prob_0_6","async_btree.control","1615560433747511167","173","121687896501","0.36363636363636365","9","126","5","54","4","72"
"Seed_Prob_0_4","async_btree.analyze","1615560207532515748","242","122855322345","0.16666666666666666","7","15","7","15","0","0"
"Seed_Prob_0_5","async_btree.control","1615560325006042203","225","123096467237","0.36363636363636365","5","51","3","41","2","10"
"Seed_Prob_0_4","async_btree.leaf","1615560215880556189","148","121849266673","0.5","3","94","0","0","3","94"
"Seed_Prob_0_3","async_btree.control","1615560072790050709","163","121570240636","0.3333333333333333","10","92","8","72","2","20"
"Seed_Prob_0_6","async_btree.utils","1615560418795064659","222","121209517670","0.15789473684210525","7","58","7","58","0","0"
"Seed_Prob_0_2","async_btree.control","1615559960525959849","176","121511350190","0.3333333333333333","8","88","5","61","3","27"
"Seed_Prob_0_2","async_btree.utils","1615559962774819495","225","121489870498","0.15789473684210525","6","58","4","43","2","15"
"Seed_Prob_0_9","async_btree.control","1615560832837863625","199","121942506513","0.36363636363636365","5","92","3","56","2","36"
"Seed_Prob_0_0","async_btree.decorator","1615559748065049268","158","121992740769","0.30612244897959184","8","153","1","15","7","138"
"Seed_Prob_0_1","async_btree.leaf","1615559802475792929","196","121393327974","0.5","5","92","0","0","5","92"
"Seed_Prob_0_7","async_btree.decorator","1615560555810973125","183","122102502663","0.30612244897959184","7","123","1","13","6","110"
"Seed_Prob_0_1","async_btree.utils","1615559802359264775","252","121509309678","0.15789473684210525","10","80","9","72","1","8"
"Seed_Prob_0_2","async_btree.leaf","1615559962773498909","143","121623047666","0.5","7","148","0","0","7","148"
"Seed_Prob_0_2","async_btree.analyze","1615559960378701149","223","121387187773","0.16666666666666666","8","17","8","17","0","0"
"Seed_Prob_0_6","async_btree.leaf","1615560481835474415","195","123478731483","0.5","8","125","0","0","8","125"
"Seed_Prob_0_4","async_btree.utils","1615560215879372511","264","121176263280","0.15789473684210525","7","42","7","42","0","0"
"Seed_Prob_0_3","async_btree.decorator","1615560072791602288","227","121364875740","0.30612244897959184","5","63","3","24","2","39"
"Seed_Prob_0_4","async_btree.control","1615560207385975421","126","123476699312","0.36363636363636365","10","157","7","89","3","68"
"Seed_Prob_0_5","async_btree.decorator","1615560324873565978","132","123966353596","0.30612244897959184","8","171","5","102","3","69"
"Seed_Prob_0_6","async_btree.analyze","1615560446949202849","239","123523247221","0.16666666666666666","11","28","11","28","0","0"
"Seed_Prob_0_3","async_btree.utils","1615560072722525747","285","121201123514","0.15789473684210525","3","31","3","31","0","0"
"Seed_Prob_0_3","async_btree.leaf","1615560073368667495","168","121668182337","0.5","8","136","0","0","8","136"
"Seed_Prob_0_5","async_btree.leaf","1615560325002584306","125","123164127615","0.5","2","73","0","0","2","73"
"Seed_Prob_0_5","async_btree.utils","1615560320714726060","277","121230009080","0.15789473684210525","5","30","4","27","1","3"
"Seed_Prob_0_4","async_btree.decorator","1615560207383649801","207","122904766165","0.30612244897959184","6","89","2","36","4","53"
"Seed_Prob_0_9","async_btree.analyze","1615560821021655370","194","121360194519","0.16666666666666666","10","22","10","22","0","0"
"Seed_Prob_0_0","async_btree.utils","1615559747345399096","209","121134064857","0.15789473684210525","7","90","7","90","0","0"
"Seed_Prob_0_7","async_btree.utils","1615560548975858415","254","121578519474","0.15789473684210525","5","55","5","55","0","0"
"Seed_Prob_0_0","async_btree.control","1615559747526758400","167","121831773005","0.3333333333333333","9","102","7","79","2","23"
"Seed_Prob_0_7","async_btree.leaf","1615560548977816439","115","123049387525","0.5","9","237","0","0","9","237"
"Seed_Prob_0_8","async_btree.analyze","1615560705167230715","210","122422756708","0.16666666666666666","10","20","10","20","0","0"
"Seed_Prob_0_8","async_btree.leaf","1615560705548326046","144","123084988114","0.5","9","188","0","0","9","188"
"Seed_Prob_0_5","async_btree.analyze","1615560320781017802","246","121290755564","0.16666666666666666","9","20","9","20","0","0"
"Seed_Prob_0_6","async_btree.decorator","1615560433748909708","196","121376603789","0.30612244897959184","7","93","3","57","4","36"
"Seed_Prob_0_3","async_btree.analyze","1615560073344917133","241","121216752006","0.16666666666666666","7","19","7","19","0","0"
"Seed_Prob_0_2","async_btree.decorator","1615559972390290833","128","122905291919","0.30612244897959184","10","206","4","78","6","128"
"Seed_Prob_0_8","async_btree.utils","1615560705933978886","215","121586729507","0.15789473684210525","5","64","5","64","0","0"
"Seed_Prob_0_8","async_btree.control","1615560711067301609","215","121604253184","0.36363636363636365","4","75","2","33","2","42"
"Seed_Prob_0_0","async_btree.analyze","1615559748066636336","257","121395143464","0.16666666666666666","9","19","9","19","0","0"
"Seed_Prob_0_7","async_btree.analyze","1615560548949970947","288","121438148595","0.16666666666666666","9","23","9","23","0","0"
"Seed_Prob_0_9","async_btree.leaf","1615560829106963879","117","122507760521","0.5","8","217","0","0","8","217"
"Seed_Prob_0_9","async_btree.utils","1615560821005265849","221","121580002632","0.15789473684210525","8","68","7","65","1","3"
"Seed_Prob_0_0","async_btree.leaf","1615559740014671965","167","122492672688","0.5","3","81","0","0","3","81"
