"ConfigurationId","TargetModule","RandomSeed","AlgorithmIterations","TotalTime","Coverage","Size","Length","FailingSize","FailingLength","PassingSize","PassingLength"
"Seed_Prob_0_9","async_btree.leaf","1615568455359577447","147","122058700903","0.5","7","143","0","0","7","143"
"Seed_Prob_0_9","async_btree.utils","1615568478678096865","190","122475298752","0.15789473684210525","10","70","9","65","1","5"
"Seed_Prob_0_2","async_btree.decorator","1615567588803138528","191","125829055972","0.30612244897959184","6","96","4","66","2","30"
"Seed_Prob_0_6","async_btree.decorator","1615568052820972781","167","121839578078","0.30612244897959184","7","72","4","53","3","19"
"Seed_Prob_0_5","async_btree.analyze","1615567942727132646","218","121567466769","0.16666666666666666","9","18","9","18","0","0"
"Seed_Prob_0_8","async_btree.control","1615568332639992317","156","122165174842","0.3333333333333333","7","104","6","95","1","9"
"Seed_Prob_0_3","async_btree.analyze","1615567710354189538","394","121873119627","0.16666666666666666","5","14","5","14","0","0"
"Seed_Prob_0_8","async_btree.utils","1615568331499587130","277","123853466616","0.15789473684210525","3","34","3","34","0","0"
"Seed_Prob_0_7","async_btree.analyze","1615568201575834810","359","121104181999","0.16666666666666666","6","15","6","15","0","0"
"Seed_Prob_0_1","async_btree.control","1615567444225537095","197","122377015300","0.3333333333333333","9","89","8","71","1","18"
"Seed_Prob_0_3","async_btree.leaf","1615567694187401649","321","120996078700","0.5","2","22","0","0","2","22"
"Seed_Prob_0_3","async_btree.utils","1615567691502914976","237","122286009093","0.15789473684210525","8","62","6","48","2","14"
"Seed_Prob_0_8","async_btree.leaf","1615568331499842673","192","124099684323","0.5","3","71","0","0","3","71"
"Seed_Prob_0_0","async_btree.decorator","1615567397208323323","136","121716584274","0.30612244897959184","6","161","2","43","4","118"
"Seed_Prob_0_4","async_btree.decorator","1615567828815915740","170","122823873373","0.30612244897959184","8","132","2","32","6","100"
"Seed_Prob_0_5","async_btree.utils","1615567942060872534","225","122040532113","0.15789473684210525","5","74","4","66","1","8"
"Seed_Prob_0_8","async_btree.analyze","1615568332347744824","295","121245563651","0.16666666666666666","6","16","6","16","0","0"
"Seed_Prob_0_9","async_btree.definition","1615568478677257929","199","122432523220","0.5333333333333333","7","79","5","55","2","24"
"Seed_Prob_0_5","async_btree.leaf","1615567941952452224","162","121485713818","0.5","2","56","0","0","2","56"
"Seed_Prob_0_9","async_btree.analyze","1615568478675847893","357","122564944406","0.16666666666666666","6","16","6","16","0","0"
"Seed_Prob_0_7","async_btree.leaf","1615568199740550931","113","123220268851","0.5","7","196","0","0","7","196"
"Seed_Prob_0_7","async_btree.utils","1615568201524185129","241","121237054516","0.15789473684210525","7","34","7","34","0","0"
"Seed_Prob_0_1","async_btree.decorator","1615567430788767903","174","121695892698","0.30612244897959184","6","79","4","50","2","29"
"Seed_Prob_0_1","async_btree.utils","1615567444975260812","220","121773057352","0.15789473684210525","9","41","9","41","0","0"
"Seed_Prob_0_7","async_btree.decorator","1615568202354034178","157","121772347489","0.30612244897959184","10","158","5","83","5","75"
"Seed_Prob_0_1","async_btree.leaf","1615567440761701058","196","125975486908","0.5","6","98","0","0","6","98"
"Seed_Prob_0_0","async_btree.utils","1615567396577281616","245","121259779380","0.15789473684210525","7","48","4","23","3","25"
"Seed_Prob_0_3","async_btree.decorator","1615567687627854008","193","121808265185","0.30612244897959184","10","130","3","35","7","95"
"Seed_Prob_0_4","async_btree.utils","1615567815242442693","282","121068836402","0.15789473684210525","8","62","7","57","1","5"
"Seed_Prob_0_6","async_btree.leaf","1615568053787616008","254","121155487195","0.5","8","77","0","0","8","77"
"Seed_Prob_0_6","async_btree.analyze","1615568055138906604","349","121361176572","0.16666666666666666","6","14","6","14","0","0"
"Seed_Prob_0_0","async_btree.control","1615567397443963922","181","121687430287","0.3333333333333333","5","75","5","75","0","0"
"Seed_Prob_0_5","async_btree.decorator","1615567935947943553","115","121867327793","0.30612244897959184","9","206","4","49","5","157"
"Seed_Prob_0_4","async_btree.control","1615567830756033151","160","121774133197","0.36363636363636365","8","109","7","105","1","4"
"Seed_Prob_0_2","async_btree.leaf","1615567586169008589","274","122484873739","0.5","1","20","0","0","1","20"
"Seed_Prob_0_9","async_btree.control","1615568479418293949","202","121636258596","0.36363636363636365","10","120","3","54","7","66"
"Seed_Prob_0_2","async_btree.analyze","1615567586012800487","434","122425635391","0.16666666666666666","6","14","6","14","0","0"
"Seed_Prob_0_1","async_btree.analyze","1615567430115193230","263","121839719713","0.16666666666666666","8","16","8","16","0","0"
"Seed_Prob_0_7","async_btree.control","1615568201436224651","184","121567596969","0.36363636363636365","9","97","4","40","5","57"
"Seed_Prob_0_9","async_btree.decorator","1615568478677829122","140","123065026843","0.30612244897959184","10","212","3","60","7","152"
"Seed_Prob_0_2","async_btree.control","1615567589030463615","212","125324194345","0.3333333333333333","6","54","5","51","1","3"
"Seed_Prob_0_2","async_btree.utils","1615567586169355757","375","122372037160","0.15789473684210525","4","27","3","15","1","12"
"Seed_Prob_0_0","async_btree.analyze","1615567396516970818","356","121146965580","0.16666666666666666","8","22","8","22","0","0"
"Seed_Prob_0_5","async_btree.control","1615567942726783701","188","121609727638","0.3333333333333333","5","53","5","53","0","0"
"Seed_Prob_0_4","async_btree.analyze","1615567815634391257","244","121343889401","0.16666666666666666","9","19","9","19","0","0"
"Seed_Prob_0_8","async_btree.decorator","1615568331617501757","169","124001363974","0.30612244897959184","9","127","4","66","5","61"
"Seed_Prob_0_6","async_btree.control","1615568054753734036","163","121910837972","0.3333333333333333","6","114","5","104","1","10"
"Seed_Prob_0_6","async_btree.utils","1615568055118591127","362","121263922413","0.15789473684210525","3","17","3","17","0","0"
"Seed_Prob_0_3","async_btree.control","1615567710442659873","140","121916773617","0.3333333333333333","8","142","6","89","2","53"
"Seed_Prob_0_0","async_btree.leaf","1615567396517605630","150","121792787041","0.5","5","110","0","0","5","110"
"Seed_Prob_0_4","async_btree.leaf","1615567816154447121","224","121796896423","0.5","3","60","0","0","3","60"
