"ConfigurationId","TargetModule","RandomSeed","AlgorithmIterations","TotalTime","Coverage","Size","Length","FailingSize","FailingLength","PassingSize","PassingLength"
"Seed_Prob_0_1","async_btree.control","1615571990773376092","225","122130618674","0.3333333333333333","8","50","5","31","3","19"
"Seed_Prob_0_7","async_btree.analyze","1615572753555268864","372","121312845495","0.16666666666666666","7","15","7","15","0","0"
"Seed_Prob_0_0","async_btree.decorator","1615571915913649233","151","122087966216","0.30612244897959184","10","193","3","45","7","148"
"Seed_Prob_0_8","async_btree.leaf","1615572877106768069","128","122375506866","0.5","4","105","0","0","4","105"
"Seed_Prob_0_3","async_btree.analyze","1615572256211639785","237","122703473487","0.16666666666666666","9","21","9","21","0","0"
"Seed_Prob_0_5","async_btree.analyze","1615572518845186928","221","122382977114","0.16666666666666666","9","22","9","22","0","0"
"Seed_Prob_0_8","async_btree.analyze","1615572887480288809","259","121393557223","0.16666666666666666","9","19","9","19","0","0"
"Seed_Prob_0_6","async_btree.decorator","1615572660231835882","155","122397795576","0.30612244897959184","6","114","2","15","4","99"
"Seed_Prob_0_2","async_btree.decorator","1615572144997295103","176","121885042174","0.30612244897959184","6","94","4","68","2","26"
"Seed_Prob_0_9","async_btree.analyze","1615572987099990556","248","121316796111","0.16666666666666666","9","17","9","17","0","0"
"Seed_Prob_0_1","async_btree.decorator","1615571991515308397","301","122175538223","0.30612244897959184","5","38","1","5","4","33"
"Seed_Prob_0_7","async_btree.utils","1615572753439910585","280","121200009402","0.15789473684210525","2","18","2","18","0","0"
"Seed_Prob_0_7","async_btree.leaf","1615572753556572407","195","121361490956","0.5","5","94","0","0","5","94"
"Seed_Prob_0_9","async_btree.leaf","1615573001415130769","128","122095925828","0.5","9","190","0","0","9","190"
"Seed_Prob_0_2","async_btree.definition","1615572135014051626","204","121651605536","0.5333333333333333","8","83","7","80","1","3"
"Seed_Prob_0_9","async_btree.utils","1615572988773298135","240","121167335942","0.15789473684210525","7","63","7","63","0","0"
"Seed_Prob_0_5","async_btree.leaf","1615572520414049680","156","121929255869","0.5","4","102","0","0","4","102"
"Seed_Prob_0_5","async_btree.utils","1615572527440199630","213","121638102865","0.15789473684210525","9","77","8","72","1","5"
"Seed_Prob_0_4","async_btree.decorator","1615572393194097614","137","122112719048","0.30612244897959184","9","149","4","53","5","96"
"Seed_Prob_0_8","async_btree.control","1615572887480068921","164","121755003024","0.36363636363636365","9","113","7","83","2","30"
"Seed_Prob_0_8","async_btree.utils","1615572887873561039","250","121168753828","0.15789473684210525","5","52","5","52","0","0"
"Seed_Prob_0_3","async_btree.utils","1615572259708996680","249","121212674540","0.15789473684210525","7","58","6","52","1","6"
"Seed_Prob_0_3","async_btree.leaf","1615572256883500676","200","121720842807","0.5","5","84","0","0","5","84"
"Seed_Prob_0_2","async_btree.analyze","1615572129735848457","393","122165004188","0.16666666666666666","7","16","7","16","0","0"
"Seed_Prob_0_9","async_btree.decorator","1615573022450571879","196","122595325291","0.30612244897959184","9","116","3","25","6","91"
"Seed_Prob_0_2","async_btree.leaf","1615572119600972767","225","121631718808","0.5","3","57","0","0","3","57"
"Seed_Prob_0_4","async_btree.control","1615572371007688645","179","121777921311","0.3333333333333333","8","94","5","45","3","49"
"Seed_Prob_0_5","async_btree.decorator","1615572517905048152","171","122020075448","0.30612244897959184","9","135","1","6","8","129"
"Seed_Prob_0_8","async_btree.decorator","1615572891992995991","148","123130110075","0.30612244897959184","4","86","2","12","2","74"
"Seed_Prob_0_0","async_btree.leaf","1615571924830544354","222","121513173477","0.5","4","67","0","0","4","67"
"Seed_Prob_0_6","async_btree.analyze","1615572660231497991","307","122018088283","0.16666666666666666","10","20","10","20","0","0"
"Seed_Prob_0_0","async_btree.analyze","1615571925001861821","305","121267669147","0.16666666666666666","7","16","7","16","0","0"
"Seed_Prob_0_6","async_btree.leaf","1615572647762367165","175","123692158673","0.5","8","121","0","0","8","121"
"Seed_Prob_0_4","async_btree.utils","1615572358122319051","356","121149759631","0.15789473684210525","2","20","2","20","0","0"
"Seed_Prob_0_3","async_btree.decorator","1615572259708627764","154","121975119152","0.30612244897959184","7","139","4","85","3","54"
"Seed_Prob_0_1","async_btree.leaf","1615572019441186428","164","122540524035","0.5","9","131","0","0","9","131"
"Seed_Prob_0_7","async_btree.decorator","1615572772791223949","166","122863522792","0.30612244897959184","2","41","2","41","0","0"
"Seed_Prob_0_1","async_btree.utils","1615572013864646029","184","121605470166","0.15789473684210525","9","83","7","68","2","15"
"Seed_Prob_0_4","async_btree.leaf","1615572359624389672","135","122355660485","0.5","8","192","0","0","8","192"
"Seed_Prob_0_3","async_btree.control","1615572258773277967","168","121270157625","0.3333333333333333","10","102","9","83","1","19"
"Seed_Prob_0_0","async_btree.control","1615571923459299808","188","121720103269","0.3333333333333333","8","84","8","84","0","0"
"Seed_Prob_0_6","async_btree.utils","1615572647762368850","426","123351880123","0.15789473684210525","2","14","1","6","1","8"
"Seed_Prob_0_0","async_btree.utils","1615571925001652345","215","121600896270","0.15789473684210525","6","81","5","57","1","24"
"Seed_Prob_0_6","async_btree.control","1615572651742717002","154","123222585695","0.36363636363636365","9","145","5","81","4","64"
"Seed_Prob_0_4","async_btree.analyze","1615572359821511991","287","121307385416","0.16666666666666666","7","16","7","16","0","0"
"Seed_Prob_0_5","async_btree.control","1615572514351502961","155","122805641059","0.36363636363636365","10","127","9","122","1","5"
"Seed_Prob_0_8","async_btree.definition","1615572891573302971","253","121804510863","0.5333333333333333","5","32","4","21","1","11"
"Seed_Prob_0_2","async_btree.utils","1615572131738472621","241","121973115937","0.15789473684210525","6","80","4","64","2","16"
"Seed_Prob_0_2","async_btree.control","1615572144766427243","216","122034449389","0.3333333333333333","6","69","4","42","2","27"
"Seed_Prob_0_9","async_btree.control","1615572988724423053","180","121616447318","0.36363636363636365","7","84","7","84","0","0"
"Seed_Prob_0_7","async_btree.control","1615572753440717578","165","121275247420","0.36363636363636365","6","98","5","88","1","10"
"Seed_Prob_0_1","async_btree.analyze","1615571988707073643","381","122561179292","0.16666666666666666","4","11","4","11","0","0"
