"ConfigurationId","TargetModule","RandomSeed","AlgorithmIterations","TotalTime","Coverage","Size","Length","FailingSize","FailingLength","PassingSize","PassingLength"
"Seed_Prob_0_0","async_btree.decorator","1615558298834756455","144","121788106396","0.30612244897959184","9","174","3","49","6","125"
"Seed_Prob_0_7","async_btree.analyze","1615559072478777287","391","121132619856","0.16666666666666666","7","15","7","15","0","0"
"Seed_Prob_0_1","async_btree.control","1615558354675991996","162","122660095844","0.3333333333333333","10","76","9","74","1","2"
"Seed_Prob_0_3","async_btree.analyze","1615558584687933589","222","121463505984","0.16666666666666666","9","17","9","17","0","0"
"Seed_Prob_0_8","async_btree.control","1615559196651511671","191","121307319547","0.3333333333333333","7","76","4","17","3","59"
"Seed_Prob_0_8","async_btree.utils","1615559194326944254","322","121340163209","0.15789473684210525","3","29","3","29","0","0"
"Seed_Prob_0_6","async_btree.decorator","1615558954214556841","188","121426197977","0.30612244897959184","5","103","1","24","4","79"
"Seed_Prob_0_5","async_btree.analyze","1615558842628530444","378","121260421560","0.16666666666666666","6","13","6","13","0","0"
"Seed_Prob_0_9","async_btree.leaf","1615559310652793091","270","121070558834","0.5","1","23","0","0","1","23"
"Seed_Prob_0_9","async_btree.utils","1615559311179223921","203","121286978901","0.15789473684210525","10","68","10","68","0","0"
"Seed_Prob_0_2","async_btree.decorator","1615558482778759783","191","121689635117","0.30612244897959184","5","82","1","13","4","69"
"Seed_Prob_0_7","async_btree.leaf","1615559071381933438","135","121623360771","0.5","9","146","0","0","9","146"
"Seed_Prob_0_7","async_btree.utils","1615559070049126139","276","121351258774","0.15789473684210525","5","28","4","19","1","9"
"Seed_Prob_0_1","async_btree.decorator","1615558326824446783","244","124282802481","0.30612244897959184","3","46","1","4","2","42"
"Seed_Prob_0_9","async_btree.analyze","1615559310964894902","274","121503122008","0.16666666666666666","5","13","5","13","0","0"
"Seed_Prob_0_4","async_btree.decorator","1615558734633121657","161","122202504154","0.30612244897959184","8","156","3","73","5","83"
"Seed_Prob_0_5","async_btree.utils","1615558840220301373","186","121920720380","0.15789473684210525","8","106","8","106","0","0"
"Seed_Prob_0_5","async_btree.leaf","1615558844800013821","150","122332951761","0.5","5","116","0","0","5","116"
"Seed_Prob_0_8","async_btree.leaf","1615559196651947888","123","122147430189","0.5","5","164","0","0","5","164"
"Seed_Prob_0_3","async_btree.leaf","1615558589591831912","155","122324634586","0.5","3","72","0","0","3","72"
"Seed_Prob_0_8","async_btree.analyze","1615559195971526385","489","121167815748","0.16666666666666666","4","10","4","10","0","0"
"Seed_Prob_0_3","async_btree.utils","1615558589913510534","244","122003327799","0.15789473684210525","9","62","6","44","3","18"
"Seed_Prob_0_2","async_btree.analyze","1615558482272857086","268","121101546954","0.16666666666666666","7","14","7","14","0","0"
"Seed_Prob_0_2","async_btree.leaf","1615558475008961950","152","121922346161","0.5","7","169","0","0","7","169"
"Seed_Prob_0_9","async_btree.control","1615559311227934069","160","121287979681","0.36363636363636365","10","108","9","88","1","20"
"Seed_Prob_0_6","async_btree.analyze","1615558982340813663","252","123305947329","0.16666666666666666","10","22","10","22","0","0"
"Seed_Prob_0_5","async_btree.decorator","1615558829095550499","172","121861409137","0.30612244897959184","8","129","2","39","6","90"
"Seed_Prob_0_4","async_btree.control","1615558734632771833","171","121376168310","0.36363636363636365","6","76","6","76","0","0"
"Seed_Prob_0_3","async_btree.decorator","1615558587583671562","188","121842008926","0.30612244897959184","6","81","2","17","4","64"
"Seed_Prob_0_4","async_btree.utils","1615558734635662168","258","121292397691","0.15789473684210525","4","38","3","17","1","21"
"Seed_Prob_0_8","async_btree.definition","1615559199036234894","224","121271082744","0.5333333333333333","5","63","3","43","2","20"
"Seed_Prob_0_6","async_btree.leaf","1615558959265062596","162","123160981248","0.5","5","108","0","0","5","108"
"Seed_Prob_0_1","async_btree.utils","1615558350435440166","243","121895980608","0.15789473684210525","6","56","5","47","1","9"
"Seed_Prob_0_7","async_btree.decorator","1615559070962992940","201","121837719383","0.30612244897959184","3","53","1","5","2","48"
"Seed_Prob_0_1","async_btree.leaf","1615558353574507393","135","122402215976","0.5","9","201","0","0","9","201"
"Seed_Prob_0_0","async_btree.analyze","1615558300267089638","188","121179428723","0.16666666666666666","9","16","9","16","0","0"
"Seed_Prob_0_0","async_btree.leaf","1615558295612945355","146","121672083160","0.5","7","149","0","0","7","149"
"Seed_Prob_0_8","async_btree.decorator","1615559196571568307","159","121511150758","0.30612244897959184","9","172","2","37","7","135"
"Seed_Prob_0_6","async_btree.utils","1615558980511792256","160","122620677363","0.15789473684210525","9","71","8","65","1","6"
"Seed_Prob_0_3","async_btree.control","1615558587583419845","198","121655751082","0.36363636363636365","8","107","6","82","2","25"
"Seed_Prob_0_4","async_btree.leaf","1615558733224899815","232","123409676667","0.5","3","47","0","0","3","47"
"Seed_Prob_0_5","async_btree.control","1615558842552861369","170","121730458909","0.36363636363636365","8","115","5","76","3","39"
"Seed_Prob_0_4","async_btree.analyze","1615558733225233422","270","123125378897","0.16666666666666666","8","21","8","21","0","0"
"Seed_Prob_0_6","async_btree.control","1615558962855967887","215","121209789349","0.36363636363636365","4","59","2","35","2","24"
"Seed_Prob_0_9","async_btree.decorator","1615559310934552944","171","121734429149","0.30612244897959184","4","73","3","60","1","13"
"Seed_Prob_0_2","async_btree.utils","1615558481672642687","248","121657449837","0.15789473684210525","8","69","6","50","2","19"
"Seed_Prob_0_2","async_btree.control","1615558482754798509","203","121512466870","0.36363636363636365","8","76","6","45","2","31"
"Seed_Prob_0_0","async_btree.utils","1615558300969486137","188","121206167930","0.15789473684210525","10","69","8","61","2","8"
"Seed_Prob_0_0","async_btree.control","1615558295604021392","164","121832385726","0.3333333333333333","6","93","6","93","0","0"
"Seed_Prob_0_3","async_btree.definition","1615558587514397950","268","121403748358","0.5333333333333333","2","39","1","29","1","10"
"Seed_Prob_0_1","async_btree.analyze","1615558353574569832","284","121758855340","0.16666666666666666","8","17","8","17","0","0"
"Seed_Prob_0_7","async_btree.control","1615559070874441745","214","121935435999","0.3333333333333333","4","50","3","40","1","10"
