"ConfigurationId","TargetModule","RandomSeed","AlgorithmIterations","TotalTime","Coverage","Size","Length","FailingSize","FailingLength","PassingSize","PassingLength"
"Seed_Prob_0_2","async_btree.leaf","1615564510416150733","242","121704894367","0.5","1","24","0","0","1","24"
"Seed_Prob_0_2","async_btree.analyze","1615564510415807304","254","121667191545","0.16666666666666666","8","26","8","26","0","0"
"Seed_Prob_0_6","async_btree.leaf","1615564990587741395","174","121902808207","0.5","6","114","0","0","6","114"
"Seed_Prob_0_0","async_btree.utils","1615564299614429731","237","121315709006","0.15789473684210525","6","52","6","52","0","0"
"Seed_Prob_0_3","async_btree.decorator","1615564610642087828","181","123226707419","0.30612244897959184","9","123","3","25","6","98"
"Seed_Prob_0_4","async_btree.utils","1615564770724109977","304","121913140899","0.15789473684210525","6","47","3","34","3","13"
"Seed_Prob_0_4","async_btree.control","1615564747134987049","225","122395710870","0.36363636363636365","6","46","6","46","0","0"
"Seed_Prob_0_5","async_btree.decorator","1615564880059246059","239","121635685413","0.30612244897959184","6","55","2","7","4","48"
"Seed_Prob_0_6","async_btree.analyze","1615564970823184256","326","121355828118","0.16666666666666666","5","13","5","13","0","0"
"Seed_Prob_0_0","async_btree.control","1615564299762727139","252","121254831516","0.3333333333333333","8","63","4","35","4","28"
"Seed_Prob_0_1","async_btree.leaf","1615564357183709550","157","122078596746","0.5","8","153","0","0","8","153"
"Seed_Prob_0_9","async_btree.control","1615565368207235115","165","121591174211","0.36363636363636365","10","140","6","98","4","42"
"Seed_Prob_0_7","async_btree.decorator","1615565127703159697","125","122093061689","0.30612244897959184","9","217","3","72","6","145"
"Seed_Prob_0_1","async_btree.utils","1615564353017889034","261","122428508135","0.15789473684210525","6","44","5","39","1","5"
"Seed_Prob_0_6","async_btree.control","1615565008610215565","158","121274155625","0.36363636363636365","8","103","6","82","2","21"
"Seed_Prob_0_0","async_btree.analyze","1615564300328708903","242","121223446354","0.16666666666666666","7","16","7","16","0","0"
"Seed_Prob_0_4","async_btree.analyze","1615564772621015035","235","122240518940","0.16666666666666666","11","29","11","29","0","0"
"Seed_Prob_0_5","async_btree.control","1615564879100454153","203","121400942237","0.36363636363636365","7","88","5","71","2","17"
"Seed_Prob_0_3","async_btree.control","1615564613460160971","182","124149445198","0.36363636363636365","9","110","6","89","3","21"
"Seed_Prob_0_4","async_btree.leaf","1615564772010721489","126","123323324286","0.5","7","168","0","0","7","168"
"Seed_Prob_0_6","async_btree.utils","1615564970838086927","200","121123529178","0.15789473684210525","8","89","8","89","0","0"
"Seed_Prob_0_0","async_btree.leaf","1615564300328996467","211","121532573385","0.5","3","58","0","0","3","58"
"Seed_Prob_0_2","async_btree.control","1615564502722153424","211","121698241016","0.36363636363636365","7","91","5","66","2","25"
"Seed_Prob_0_2","async_btree.utils","1615564508351252524","221","121733869024","0.15789473684210525","7","59","6","54","1","5"
"Seed_Prob_0_8","async_btree.decorator","1615565249448204529","198","121342962948","0.30612244897959184","4","80","1","29","3","51"
"Seed_Prob_0_7","async_btree.control","1615565134001920978","172","122201403793","0.36363636363636365","8","86","7","72","1","14"
"Seed_Prob_0_1","async_btree.analyze","1615564354389815144","379","121042791097","0.16666666666666666","4","13","4","13","0","0"
"Seed_Prob_0_9","async_btree.decorator","1615565368043602474","158","121991290763","0.30612244897959184","10","179","3","56","7","123"
"Seed_Prob_0_8","async_btree.control","1615565240410422131","190","121509828342","0.36363636363636365","9","100","4","41","5","59"
"Seed_Prob_0_8","async_btree.utils","1615565263456170423","234","121384194147","0.15789473684210525","9","56","8","51","1","5"
"Seed_Prob_0_9","async_btree.utils","1615565366936245252","270","121264461996","0.15789473684210525","4","38","3","32","1","6"
"Seed_Prob_0_9","async_btree.leaf","1615565366862119853","145","121665460072","0.5","8","163","0","0","8","163"
"Seed_Prob_0_1","async_btree.control","1615564353677445456","176","122042735705","0.3333333333333333","8","133","5","73","3","60"
"Seed_Prob_0_7","async_btree.analyze","1615565134118817503","210","121688345011","0.16666666666666666","9","19","9","19","0","0"
"Seed_Prob_0_5","async_btree.analyze","1615564872507727367","215","121998647726","0.16666666666666666","9","18","9","18","0","0"
"Seed_Prob_0_6","async_btree.decorator","1615565008608536773","188","122277361271","0.30612244897959184","5","90","4","75","1","15"
"Seed_Prob_0_3","async_btree.analyze","1615564629485148790","260","121229981018","0.16666666666666666","6","19","6","19","0","0"
"Seed_Prob_0_2","async_btree.decorator","1615564510210789849","198","121677055010","0.30612244897959184","7","103","1","21","6","82"
"Seed_Prob_0_1","async_btree.decorator","1615564355554164030","173","122763254859","0.30612244897959184","10","165","2","44","8","121"
"Seed_Prob_0_7","async_btree.utils","1615565134267217694","225","121669166018","0.15789473684210525","6","64","5","54","1","10"
"Seed_Prob_0_7","async_btree.leaf","1615565134267274883","113","122390333790","0.5","10","208","0","0","10","208"
"Seed_Prob_0_9","async_btree.analyze","1615565368356282778","270","121040314811","0.16666666666666666","7","13","7","13","0","0"
"Seed_Prob_0_8","async_btree.leaf","1615565263078958925","268","121062606066","0.5","2","29","0","0","2","29"
"Seed_Prob_0_8","async_btree.analyze","1615565240438751376","308","121337373276","0.16666666666666666","8","27","8","27","0","0"
"Seed_Prob_0_3","async_btree.utils","1615564629485391811","249","121140026882","0.15789473684210525","8","50","8","50","0","0"
"Seed_Prob_0_3","async_btree.leaf","1615564634785585959","134","123190664155","0.5","10","201","0","0","10","201"
"Seed_Prob_0_5","async_btree.leaf","1615564874365855046","198","121431896529","0.5","7","118","0","0","7","118"
"Seed_Prob_0_0","async_btree.decorator","1615564299611842290","135","122318033397","0.30612244897959184","8","163","5","99","3","64"
"Seed_Prob_0_5","async_btree.utils","1615564874365815057","219","121412754897","0.15789473684210525","7","57","6","51","1","6"
"Seed_Prob_0_4","async_btree.decorator","1615564747275357969","128","123564934538","0.30612244897959184","10","200","2","17","8","183"
