"ConfigurationId","TargetModule","RandomSeed","AlgorithmIterations","TotalTime","Coverage","Size","Length","FailingSize","FailingLength","PassingSize","PassingLength"
"Seed_Prob_0_1","async_btree.control","1615562833686656829","191","122091791127","0.36363636363636365","7","97","7","97","0","0"
"Seed_Prob_0_7","async_btree.analyze","1615563586894899049","371","121273095661","0.16666666666666666","8","20","8","20","0","0"
"Seed_Prob_0_9","async_btree.control","1615563838403692492","147","122108347634","0.36363636363636365","9","106","9","106","0","0"
"Seed_Prob_0_5","async_btree.definition","1615563368446440228","269","123426879810","0.5333333333333333","4","44","4","44","0","0"
"Seed_Prob_0_2","async_btree.decorator","1615562998484721744","259","123977134970","0.30612244897959184","3","26","2","22","1","4"
"Seed_Prob_0_5","async_btree.analyze","1615563352550804012","251","121046211191","0.16666666666666666","9","17","9","17","0","0"
"Seed_Prob_0_6","async_btree.decorator","1615563462836329352","133","122085395031","0.30612244897959184","10","217","3","56","7","161"
"Seed_Prob_0_3","async_btree.analyze","1615563079365375632","266","121458109758","0.16666666666666666","8","16","8","16","0","0"
"Seed_Prob_0_8","async_btree.decorator","1615563726392628727","130","122273493589","0.30612244897959184","10","214","4","33","6","181"
"Seed_Prob_0_9","async_btree.decorator","1615563836708171125","146","122353845826","0.30612244897959184","6","131","3","42","3","89"
"Seed_Prob_0_1","async_btree.decorator","1615562825914594234","244","121534081849","0.30612244897959184","3","51","3","51","0","0"
"Seed_Prob_0_7","async_btree.utils","1615563613257069573","215","121273947136","0.15789473684210525","8","64","6","52","2","12"
"Seed_Prob_0_7","async_btree.leaf","1615563613257176883","143","121670764080","0.5","10","175","0","0","10","175"
"Seed_Prob_0_3","async_btree.utils","1615563091482815080","178","121291125268","0.15789473684210525","8","75","7","67","1","8"
"Seed_Prob_0_3","async_btree.leaf","1615563092724551725","174","122264198991","0.5","5","88","0","0","5","88"
"Seed_Prob_0_5","async_btree.leaf","1615563356747856615","111","122337372373","0.5","6","181","0","0","6","181"
"Seed_Prob_0_0","async_btree.decorator","1615562760039085450","175","122169567961","0.30612244897959184","9","117","5","57","4","60"
"Seed_Prob_0_5","async_btree.utils","1615563357323454060","174","121387136657","0.15789473684210525","10","63","10","63","0","0"
"Seed_Prob_0_4","async_btree.decorator","1615563196266430302","153","121898890336","0.30612244897959184","8","155","2","32","6","123"
"Seed_Prob_0_0","async_btree.utils","1615562774497892113","327","121401886820","0.15789473684210525","3","23","2","19","1","4"
"Seed_Prob_0_6","async_btree.leaf","1615563475727109955","185","121674608738","0.5","2","41","0","0","2","41"
"Seed_Prob_0_4","async_btree.utils","1615563195259866263","194","121265636967","0.15789473684210525","7","58","7","58","0","0"
"Seed_Prob_0_3","async_btree.decorator","1615563079311819111","169","121509861479","0.30612244897959184","5","134","2","47","3","87"
"Seed_Prob_0_4","async_btree.control","1615563196265838683","185","121439281854","0.36363636363636365","9","118","7","83","2","35"
"Seed_Prob_0_5","async_btree.decorator","1615563352171607967","181","121732437418","0.30612244897959184","10","119","4","28","6","91"
"Seed_Prob_0_0","async_btree.control","1615562765242517248","228","121593124544","0.36363636363636365","7","76","5","55","2","21"
"Seed_Prob_0_6","async_btree.analyze","1615563475815996284","186","121640810107","0.16666666666666666","10","19","10","19","0","0"
"Seed_Prob_0_2","async_btree.leaf","1615562970621768689","113","122642737354","0.5","9","250","0","0","9","250"
"Seed_Prob_0_2","async_btree.analyze","1615562971800839761","399","121566800904","0.16666666666666666","5","14","5","14","0","0"
"Seed_Prob_0_8","async_btree.control","1615563726302539908","189","121874455516","0.36363636363636365","7","85","5","45","2","40"
"Seed_Prob_0_8","async_btree.utils","1615563734256582477","285","122652625568","0.15789473684210525","5","46","4","34","1","12"
"Seed_Prob_0_9","async_btree.utils","1615563830039421549","235","121312200872","0.15789473684210525","4","30","4","30","0","0"
"Seed_Prob_0_9","async_btree.leaf","1615563866437694773","327","121380124465","0.5","1","14","0","0","1","14"
"Seed_Prob_0_1","async_btree.leaf","1615562833969786517","274","121765470639","0.5","4","49","0","0","4","49"
"Seed_Prob_0_7","async_btree.decorator","1615563587719454476","159","122049242079","0.30612244897959184","9","134","3","31","6","103"
"Seed_Prob_0_1","async_btree.utils","1615562837145986404","175","122224762785","0.15789473684210525","10","58","9","55","1","3"
"Seed_Prob_0_2","async_btree.control","1615562992424371055","202","121585430897","0.3333333333333333","7","75","6","67","1","8"
"Seed_Prob_0_2","async_btree.utils","1615562971787055143","209","121483583788","0.15789473684210525","10","85","8","79","2","6"
"Seed_Prob_0_0","async_btree.analyze","1615562774497713115","304","121280147756","0.16666666666666666","9","26","9","26","0","0"
"Seed_Prob_0_6","async_btree.control","1615563477749167951","149","121871285498","0.36363636363636365","10","148","6","77","4","71"
"Seed_Prob_0_7","async_btree.definition","1615563591612540018","222","121315146811","0.5333333333333333","6","53","5","48","1","5"
"Seed_Prob_0_4","async_btree.analyze","1615563195258545300","300","121098964354","0.16666666666666666","9","16","9","16","0","0"
"Seed_Prob_0_5","async_btree.control","1615563352394847840","173","121801624477","0.36363636363636365","8","121","5","71","3","50"
"Seed_Prob_0_4","async_btree.leaf","1615563232074948009","349","121890503982","0.5","1","10","0","0","1","10"
"Seed_Prob_0_3","async_btree.control","1615563079451431572","155","121532448737","0.3333333333333333","10","128","8","100","2","28"
"Seed_Prob_0_0","async_btree.leaf","1615562775219367111","312","121158191345","0.5","2","23","0","0","2","23"
"Seed_Prob_0_6","async_btree.utils","1615563474952334466","275","122323190189","0.15789473684210525","4","20","3","14","1","6"
"Seed_Prob_0_7","async_btree.control","1615563587492665747","158","122212657890","0.36363636363636365","10","171","4","55","6","116"
"Seed_Prob_0_1","async_btree.analyze","1615562831425735559","260","121077196299","0.16666666666666666","9","23","9","23","0","0"
"Seed_Prob_0_9","async_btree.analyze","1615563838402696520","223","121157647520","0.16666666666666666","10","23","10","23","0","0"
"Seed_Prob_0_8","async_btree.leaf","1615563730705287375","205","123505737490","0.5","3","62","0","0","3","62"
"Seed_Prob_0_9","async_btree.definition","1615563838402544782","217","121525263975","0.5333333333333333","4","58","3","41","1","17"
"Seed_Prob_0_8","async_btree.analyze","1615563726205427039","296","121260152616","0.16666666666666666","7","20","7","20","0","0"
