"ConfigurationId","TargetModule","RandomSeed","AlgorithmIterations","TotalTime","Coverage","Size","Length","FailingSize","FailingLength","PassingSize","PassingLength","CollectedTestCases","SuitableTestModule","FoundTestCases"
"Init_Reuse_0.5_Mut_0","flutils.namedtupleutils","1615362507042422908","252","121516901690","0.5263157894736842","9","59","4","33","5","26","1","True","11"
"Init_Reuse_0.0_Mut_0","flutils.setuputils.cmd","1615362337901528484","205","122027343578","0.058823529411764705","10","11","10","11","0","0","","",""
"Init_Reuse_0.9_Mut_0","flutils.setuputils.cfg","1615362762516877613","864","123646022893","0.03773584905660377","9","8","0","0","9","8","5","True","16"
"Init_Reuse_0.7_Mut_8","flutils.pathutils","1615363499843929966","215","122157320343","0.5230769230769231","15","77","15","77","0","0","8","True","8"
"Init_Reuse_0.5_Mut_8","flutils.strutils","1615363373523708080","142","121826883447","0.8181818181818182","9","140","5","58","4","82","1","True","7"
"Init_Reuse_0.9_Mut_4","flutils.moduleutils","1615363162416242511","180","121689978472","0.2426470588235294","11","52","11","52","0","0","","False",""
"Init_Reuse_0.5_Mut_0","flutils.codecs.raw_utf8_escape","1615362505172453359","226","121727830602","0.782608695652174","8","53","8","53","0","0","3","True","11"
"Init_Reuse_0.5_Mut_8","flutils.setuputils.cfg","1615363373361629274","624","121100159989","0.03773584905660377","8","15","8","15","0","0","5","True","16"
"Init_Reuse_0.9_Mut_0","flutils.namedtupleutils","1615362762234397434","365","121248739178","0.5263157894736842","9","68","5","39","4","29","1","True","11"
"Init_Reuse_0.3_Mut_8","flutils.pathutils","1615363291038676693","165","122293333089","0.46923076923076923","18","76","17","74","1","2","8","True","8"
"Init_Reuse_0.9_Mut_4","flutils.codecs.b64","1615363163096453502","724","121068553281","0.6923076923076923","6","16","4","12","2","4","2","True","13"
"Init_Reuse_0.3_Mut_4","flutils.namedtupleutils","1615362828746466867","207","121403294275","0.5263157894736842","8","62","6","56","2","6","1","True","11"
"Init_Reuse_0.3_Mut_4","flutils.packages","1615362834742986506","336","121506082329","0.07142857142857142","4","6","4","6","0","0","","False",""
"Init_Reuse_0.7_Mut_0","flutils.packages","1615362639248084754","243","121651868600","0.07142857142857142","8","17","8","17","0","0","","False",""
"Init_Reuse_0.5_Mut_4","flutils.namedtupleutils","1615362955827078938","362","121164113280","0.5263157894736842","7","36","7","36","0","0","1","True","11"
"Init_Reuse_0.7_Mut_4","flutils.pathutils","1615363085008760835","242","122223944458","0.43846153846153846","12","56","12","56","0","0","8","True","8"
"Init_Reuse_0.7_Mut_4","flutils.namedtupleutils","1615363056855466026","295","121375644996","0.5263157894736842","8","40","8","40","0","0","1","True","11"
"Init_Reuse_0.3_Mut_8","flutils.strutils","1615363288153457718","177","121854261313","0.8181818181818182","7","109","4","59","3","50","1","True","7"
"Init_Reuse_0.3_Mut_0","flutils.packages","1615362383525287099","286","121456387060","0.07142857142857142","8","13","8","13","0","0","","False",""
"Init_Reuse_0.5_Mut_4","flutils.strutils","1615362950960127671","188","121280651697","0.8181818181818182","9","101","3","25","6","76","1","True","7"
"Init_Reuse_0.0_Mut_0","flutils.codecs.b64","1615362331797682394","206","121794809322","0.7692307692307693","7","24","7","24","0","0","","",""
"Init_Reuse_0.9_Mut_8","flutils.codecs.b64","1615363632614568593","224","122283465968","0.6923076923076923","7","31","7","31","0","0","2","True","13"
"Init_Reuse_0.5_Mut_0","flutils.codecs.b64","1615362500398274989","316","121738818154","0.8461538461538461","8","37","7","36","1","1","2","True","13"
"Init_Reuse_0.7_Mut_8","flutils.packages","1615363496565869215","227","121386967326","0.07142857142857142","9","22","9","22","0","0","","False",""
"Init_Reuse_0.0_Mut_0","flutils.objutils","1615362331797763738","132","122456610448","0.48484848484848486","3","81","0","0","3","81","","",""
"Init_Reuse_0.3_Mut_4","flutils.moduleutils","1615362834608196779","205","121566551065","0.2426470588235294","12","57","12","57","0","0","","False",""
"Init_Reuse_0.9_Mut_4","flutils.codecs.raw_utf8_escape","1615363180805317817","352","121445688064","0.782608695652174","10","40","9","36","1","4","3","True","11"
"Init_Reuse_0.9_Mut_4","flutils.pathutils","1615363180805379974","373","121878582448","0.5230769230769231","16","70","14","63","2","7","8","True","8"
"Init_Reuse_0.9_Mut_0","flutils.moduleutils","1615362762519350531","186","124136320490","0.2426470588235294","12","46","12","46","0","0","","False",""
"Init_Reuse_0.3_Mut_0","flutils.validators","1615362389864443075","290","121139301108","0.9565217391304348","7","37","7","37","0","0","7","True","9"
"Init_Reuse_0.3_Mut_8","flutils.codecs.raw_utf8_escape","1615363291061787147","251","121369939884","0.8260869565217391","11","65","11","65","0","0","3","True","11"
"Init_Reuse_0.3_Mut_0","flutils.objutils","1615362384328731204","228","121529711622","0.48484848484848486","7","70","0","0","7","70","24","True","41"
"Init_Reuse_0.9_Mut_0","flutils.packages","1615362762517566845","187","123816851628","0.07142857142857142","9","16","9","16","0","0","","False",""
"Init_Reuse_0.3_Mut_8","flutils.objutils","1615363297641314631","275","122261930411","0.5454545454545454","8","59","0","0","8","59","24","True","41"
"Init_Reuse_0.0_Mut_0","flutils.setuputils.cfg","1615362337174579935","331","121509318537","0.03773584905660377","7","9","7","9","0","0","","",""
"Init_Reuse_0.5_Mut_0","flutils.setuputils.cfg","1615362504345955489","405","121178962233","0.03773584905660377","10","20","7","18","3","2","5","True","16"
"Init_Reuse_0.7_Mut_8","flutils.codecs.raw_utf8_escape","1615363499517891117","202","121233304447","0.782608695652174","10","98","9","95","1","3","3","True","11"
"Init_Reuse_0.9_Mut_4","flutils.strutils","1615363165836735965","258","122366056937","0.8181818181818182","10","110","2","29","8","81","1","True","7"
"Init_Reuse_0.5_Mut_0","flutils.packages","1615362507089419011","251","121348758622","0.07142857142857142","5","9","5","9","0","0","","False",""
"Init_Reuse_0.7_Mut_0","flutils.objutils","1615362624606442284","284","121399472089","0.48484848484848486","6","69","0","0","6","69","24","True","41"
"Init_Reuse_0.0_Mut_0","flutils.strutils","1615362337903065223","165","122537730294","0.8181818181818182","8","125","5","72","3","53","","",""
"Init_Reuse_0.7_Mut_8","flutils.moduleutils","1615363495987354136","205","121856335451","0.2426470588235294","10","40","10","40","0","0","","False",""
"Init_Reuse_0.3_Mut_0","flutils.namedtupleutils","1615362379797890179","259","121601530648","0.5263157894736842","8","66","4","35","4","31","1","True","11"
"Init_Reuse_0.0_Mut_0","flutils.validators","1615362331649233103","189","121067863174","0.9565217391304348","9","48","9","48","0","0","","",""
"Init_Reuse_0.5_Mut_4","flutils.setuputils.cfg","1615362947780837573","392","121905109677","0.03773584905660377","7","15","5","10","2","5","5","True","16"
"Init_Reuse_0.0_Mut_0","flutils.pathutils","1615362326567468205","136","121869570352","0.5538461538461539","17","81","17","81","0","0","","",""
"Init_Reuse_0.9_Mut_8","flutils.pathutils","1615363633370862263","164","122815432786","0.47692307692307695","12","68","12","68","0","0","8","True","8"
"Init_Reuse_0.3_Mut_4","flutils.validators","1615362837430010821","220","121276639541","0.9565217391304348","9","52","8","49","1","3","7","True","9"
"Init_Reuse_0.5_Mut_0","flutils.pathutils","1615362501571174547","162","121696457227","0.5230769230769231","13","65","13","65","0","0","8","True","8"
"Init_Reuse_0.7_Mut_8","flutils.namedtupleutils","1615363499843287338","371","121348627786","0.5263157894736842","7","41","6","35","1","6","1","True","11"
"Init_Reuse_0.3_Mut_0","flutils.moduleutils","1615362384818736372","175","121867183825","0.2426470588235294","12","43","12","43","0","0","","False",""
"Init_Reuse_0.3_Mut_8","flutils.setuputils.cfg","1615363288225497315","338","121885749167","0.03773584905660377","7","14","6","12","1","2","5","True","16"
"Init_Reuse_0.7_Mut_4","flutils.codecs.raw_utf8_escape","1615363084757186320","197","121736995015","0.782608695652174","10","84","8","74","2","10","3","True","11"
"Init_Reuse_0.9_Mut_8","flutils.moduleutils","1615363616142712026","188","121845538547","0.2426470588235294","12","67","12","67","0","0","","False",""
"Init_Reuse_0.5_Mut_4","flutils.codecs.raw_utf8_escape","1615362953480072632","244","121438480155","0.6521739130434783","10","79","10","79","0","0","3","True","11"
"Init_Reuse_0.7_Mut_0","flutils.moduleutils","1615362638701322189","211","121938431425","0.2426470588235294","11","52","11","52","0","0","","False",""
"Init_Reuse_0.9_Mut_8","flutils.strutils","1615363618228425501","333","121560515143","0.8181818181818182","7","78","0","0","7","78","1","True","7"
"Init_Reuse_0.5_Mut_4","flutils.packages","1615362955087757505","245","121709312248","0.07142857142857142","8","15","8","15","0","0","","False",""
"Init_Reuse_0.9_Mut_8","flutils.validators","1615363644179668490","339","121196291012","0.9565217391304348","10","54","8","47","2","7","7","True","9"
"Init_Reuse_0.5_Mut_0","flutils.validators","1615362502482301977","304","121170260142","0.9565217391304348","6","28","6","28","0","0","7","True","9"
"Init_Reuse_0.7_Mut_8","flutils.setuputils.cfg","1615363500578549833","461","121901047050","0.03773584905660377","8","22","6","22","2","0","5","True","16"
"Init_Reuse_0.3_Mut_0","flutils.setuputils.cfg","1615362384040606234","514","121260450707","0.03773584905660377","5","8","3","8","2","0","5","True","16"
"Init_Reuse_0.5_Mut_4","flutils.objutils","1615362952241195604","263","121580554902","0.5454545454545454","6","60","0","0","6","60","24","True","41"
"Init_Reuse_0.3_Mut_4","flutils.strutils","1615362852671183216","209","123926461978","0.8181818181818182","8","79","6","50","2","29","1","True","7"
"Init_Reuse_0.7_Mut_4","flutils.objutils","1615363077547721965","454","121282729838","0.48484848484848486","6","42","0","0","6","42","24","True","41"
"Init_Reuse_0.9_Mut_0","flutils.validators","1615362751304507737","520","121193534820","0.9565217391304348","6","34","6","34","0","0","7","True","9"
"Init_Reuse_0.7_Mut_0","flutils.pathutils","1615362624687219593","230","121814442040","0.4846153846153846","12","46","12","46","0","0","8","True","8"
"Init_Reuse_0.7_Mut_4","flutils.moduleutils","1615363056852620592","214","121869912186","0.2426470588235294","11","41","11","41","0","0","","False",""
"Init_Reuse_0.3_Mut_8","flutils.packages","1615363291060847739","308","121649256197","0.07142857142857142","4","10","4","10","0","0","","False",""
"Init_Reuse_0.5_Mut_4","flutils.moduleutils","1615362955606320337","178","122015103573","0.2426470588235294","12","50","12","50","0","0","","False",""
"Init_Reuse_0.9_Mut_8","flutils.setuputils.cfg","1615363632922133783","955","121317949682","0.03773584905660377","1","1","1","1","0","0","5","True","16"
"Init_Reuse_0.5_Mut_4","flutils.pathutils","1615362955090335554","174","122136012576","0.5230769230769231","13","86","13","86","0","0","8","True","8"
"Init_Reuse_0.9_Mut_8","flutils.packages","1615363617101946375","297","121588840570","0.07142857142857142","5","16","5","16","0","0","","False",""
"Init_Reuse_0.7_Mut_0","flutils.setuputils.cfg","1615362631882569625","663","121330859282","0.03773584905660377","8","8","2","5","6","3","5","True","16"
"Init_Reuse_0.9_Mut_4","flutils.validators","1615363174116970333","390","121254906300","0.9565217391304348","9","46","9","46","0","0","7","True","9"
"Init_Reuse_0.3_Mut_4","flutils.codecs.raw_utf8_escape","1615362844626242904","230","121548242287","0.6521739130434783","10","59","9","54","1","5","3","True","11"
"Init_Reuse_0.9_Mut_4","flutils.packages","1615363164614672029","318","122301309796","0.07142857142857142","7","13","7","13","0","0","","False",""
"Init_Reuse_0.3_Mut_8","flutils.validators","1615363286452223687","284","121449155237","0.9565217391304348","8","33","8","33","0","0","7","True","9"
"Init_Reuse_0.5_Mut_8","flutils.objutils","1615363408173099902","179","121828967639","0.5454545454545454","6","102","0","0","6","102","24","True","41"
"Init_Reuse_0.5_Mut_8","flutils.codecs.b64","1615363415142850192","213","121183970616","0.7692307692307693","9","43","9","43","0","0","2","True","13"
"Init_Reuse_0.9_Mut_0","flutils.strutils","1615362762527653237","192","124174241462","0.8181818181818182","2","58","0","0","2","58","1","True","7"
"Init_Reuse_0.7_Mut_4","flutils.setuputils.cfg","1615363052329975677","896","121245743392","0.03773584905660377","4","2","2","2","2","0","5","True","16"
"Init_Reuse_0.3_Mut_4","flutils.codecs.b64","1615362837903159993","235","121439519515","0.7692307692307693","9","44","9","44","0","0","2","True","13"
"Init_Reuse_0.0_Mut_0","flutils.namedtupleutils","1615362337375623002","164","121798307199","0.5263157894736842","8","76","5","17","3","59","","",""
"Init_Reuse_0.7_Mut_8","flutils.validators","1615363505044657018","328","121419993085","0.9565217391304348","8","46","8","46","0","0","7","True","9"
"Init_Reuse_0.5_Mut_0","flutils.moduleutils","1615362507193707001","163","121685037573","0.2426470588235294","11","38","11","38","0","0","","False",""
"Init_Reuse_0.7_Mut_0","flutils.validators","1615362616558305241","563","121174655164","0.9565217391304348","6","29","6","29","0","0","7","True","9"
"Init_Reuse_0.9_Mut_4","flutils.setuputils.cfg","1615363166598148014","1104","121706850831","0.03773584905660377","1","2","0","0","1","2","5","True","16"
"Init_Reuse_0.0_Mut_0","flutils.moduleutils","1615362333005148190","207","121859356876","0.2426470588235294","10","53","9","42","1","11","","",""
"Init_Reuse_0.5_Mut_8","flutils.packages","1615363379779877301","293","121334620685","0.07142857142857142","7","10","7","10","0","0","","False",""
"Init_Reuse_0.7_Mut_8","flutils.objutils","1615363498176468014","296","122057106873","0.48484848484848486","10","68","0","0","10","68","24","True","41"
"Init_Reuse_0.5_Mut_0","flutils.strutils","1615362497509948163","249","121525461264","0.8181818181818182","4","66","2","38","2","28","1","True","7"
"Init_Reuse_0.9_Mut_8","flutils.namedtupleutils","1615363617354518493","309","121418571796","0.5263157894736842","8","36","8","36","0","0","1","True","11"
"Init_Reuse_0.7_Mut_0","flutils.strutils","1615362619951877179","189","121436770903","0.8181818181818182","5","36","1","7","4","29","1","True","7"
"Init_Reuse_0.7_Mut_4","flutils.validators","1615363088658390059","298","121338356120","0.9565217391304348","9","43","7","39","2","4","7","True","9"
"Init_Reuse_0.7_Mut_0","flutils.namedtupleutils","1615362624452896315","285","121266300777","0.5263157894736842","10","61","5","31","5","30","1","True","11"
"Init_Reuse_0.3_Mut_8","flutils.moduleutils","1615363289357378447","143","122339026280","0.2426470588235294","17","46","17","46","0","0","","False",""
"Init_Reuse_0.7_Mut_4","flutils.packages","1615363056718421122","251","121347571653","0.07142857142857142","8","12","8","12","0","0","","False",""
"Init_Reuse_0.5_Mut_4","flutils.validators","1615362965816296583","233","122045564634","0.9565217391304348","8","40","7","30","1","10","7","True","9"
"Init_Reuse_0.3_Mut_4","flutils.setuputils.cfg","1615362854041951565","614","124136532476","0.03773584905660377","1","6","1","6","0","0","5","True","16"
"Init_Reuse_0.9_Mut_0","flutils.objutils","1615362750471499770","461","121305342278","0.5454545454545454","6","39","0","0","6","39","24","True","41"
"Init_Reuse_0.3_Mut_0","flutils.strutils","1615362384818308679","217","121404540157","0.8181818181818182","6","86","4","74","2","12","1","True","7"
"Init_Reuse_0.0_Mut_0","flutils.txtutils","1615362337902302833","148","122380157887","0.16666666666666666","9","111","9","111","0","0","","",""
"Init_Reuse_0.9_Mut_8","flutils.objutils","1615363632614263815","543","122135211958","0.48484848484848486","8","32","0","0","8","32","24","True","41"
"Init_Reuse_0.7_Mut_8","flutils.strutils","1615363500542233027","162","122201890285","0.8181818181818182","5","107","3","65","2","42","1","True","7"
"Init_Reuse_0.5_Mut_0","flutils.objutils","1615362502207681236","378","121280377278","0.48484848484848486","4","24","0","0","4","24","24","True","41"
"Init_Reuse_0.5_Mut_8","flutils.namedtupleutils","1615363426900114853","335","123969681741","0.5263157894736842","6","47","4","27","2","20","1","True","11"
"Init_Reuse_0.7_Mut_8","flutils.codecs.b64","1615363498430603002","278","121273383276","0.7692307692307693","7","44","6","43","1","1","2","True","13"
"Init_Reuse_0.0_Mut_0","flutils.decorators","1615362336863162305","243","121296204870","0.7","4","36","4","36","0","0","","",""
"Init_Reuse_0.0_Mut_0","flutils.packages","1615362337680034763","328","121700821479","0.07142857142857142","4","8","4","8","0","0","","",""
"Init_Reuse_0.5_Mut_8","flutils.moduleutils","1615363380006450725","227","121689575355","0.2426470588235294","12","43","12","43","0","0","","False",""
"Init_Reuse_0.5_Mut_8","flutils.pathutils","1615363415161019254","252","121655062326","0.3384615384615385","11","51","11","51","0","0","8","True","8"
"Init_Reuse_0.3_Mut_8","flutils.namedtupleutils","1615363285397366501","237","121923046751","0.5263157894736842","6","30","6","30","0","0","1","True","11"
"Init_Reuse_0.7_Mut_4","flutils.strutils","1615363052436396538","210","122058301382","0.8181818181818182","9","130","4","58","5","72","1","True","7"
"Init_Reuse_0.3_Mut_4","flutils.objutils","1615362837714194557","336","121155753354","0.5454545454545454","4","31","0","0","4","31","24","True","41"
"Init_Reuse_0.3_Mut_0","flutils.pathutils","1615362384379638853","150","121924333687","0.5153846153846153","20","89","20","89","0","0","8","True","8"
"Init_Reuse_0.5_Mut_8","flutils.validators","1615363408030858125","250","121409049918","0.9565217391304348","10","48","8","34","2","14","7","True","9"
"Init_Reuse_0.9_Mut_0","flutils.pathutils","1615362750386769753","402","123046187135","0.5076923076923077","9","58","9","58","0","0","8","True","8"
"Init_Reuse_0.9_Mut_4","flutils.namedtupleutils","1615363164592752360","418","122324843096","0.5263157894736842","7","46","7","46","0","0","1","True","11"
"Init_Reuse_0.3_Mut_4","flutils.pathutils","1615362844625341332","179","122138101285","0.5461538461538461","16","75","14","67","2","8","8","True","8"
"Init_Reuse_0.9_Mut_4","flutils.objutils","1615363177021695633","286","121378236389","0.5454545454545454","3","44","0","0","3","44","24","True","41"
