"ConfigurationId","TargetModule","RandomSeed","AlgorithmIterations","TotalTime","Coverage","Size","Length","FailingSize","FailingLength","PassingSize","PassingLength","CollectedTestCases","SuitableTestModule","FoundTestCases"
"Init_Reuse_0.5_Mut_8","flutils.validators","1615365130878176272","323","121391455137","0.9565217391304348","11","38","9","36","2","2","7","True","9"
"Init_Reuse_0.3_Mut_0","flutils.pathutils","1615364103238963560","195","121844676850","0.5230769230769231","15","54","15","54","0","0","8","True","8"
"Init_Reuse_0.3_Mut_4","flutils.objutils","1615364566943369140","222","121866183804","0.48484848484848486","6","76","0","0","6","76","24","True","41"
"Init_Reuse_0.3_Mut_8","flutils.namedtupleutils","1615365010826072956","232","121429230897","0.5263157894736842","9","38","7","29","2","9","1","True","11"
"Init_Reuse_0.7_Mut_4","flutils.strutils","1615364796711810618","156","122146475934","0.8181818181818182","7","118","2","28","5","90","1","True","7"
"Init_Reuse_0.5_Mut_8","flutils.pathutils","1615365139406294023","176","122014489353","0.5846153846153846","19","84","19","84","0","0","8","True","8"
"Init_Reuse_0.3_Mut_4","flutils.pathutils","1615364560886011044","153","121831332046","0.5","13","62","13","62","0","0","8","True","8"
"Init_Reuse_0.9_Mut_4","flutils.objutils","1615364897077461990","493","121369988887","0.48484848484848486","8","42","0","0","8","42","24","True","41"
"Init_Reuse_0.9_Mut_4","flutils.namedtupleutils","1615364895761971044","493","121506552790","0.5263157894736842","8","47","1","9","7","38","1","True","11"
"Init_Reuse_0.9_Mut_0","flutils.pathutils","1615364473571638470","269","122199825693","0.5538461538461539","11","59","10","47","1","12","8","True","8"
"Init_Reuse_0.7_Mut_8","flutils.codecs.b64","1615365232505092749","204","121539025892","0.7692307692307693","8","32","7","27","1","5","2","True","13"
"Init_Reuse_0.5_Mut_8","flutils.namedtupleutils","1615365138440808912","312","121301919002","0.5263157894736842","4","34","3","32","1","2","1","True","11"
"Init_Reuse_0.0_Mut_0","flutils.validators","1615364048373949617","224","121213427661","0.9565217391304348","9","46","9","46","0","0","","",""
"Init_Reuse_0.5_Mut_8","flutils.moduleutils","1615365122897657876","215","121617225651","0.2426470588235294","12","33","12","33","0","0","","False",""
"Init_Reuse_0.0_Mut_0","flutils.pathutils","1615364049630642352","136","122216257826","0.5384615384615384","15","72","15","72","0","0","","",""
"Init_Reuse_0.0_Mut_0","flutils.setuputils.cfg","1615364052381612385","470","121152438969","0.03773584905660377","2","3","1","1","1","2","","",""
"Init_Reuse_0.3_Mut_0","flutils.strutils","1615364103142800532","167","121868007963","0.8181818181818182","7","106","3","38","4","68","1","True","7"
"Init_Reuse_0.0_Mut_0","flutils.strutils","1615364049293509293","131","122049213491","0.9090909090909091","11","177","7","137","4","40","","",""
"Init_Reuse_0.5_Mut_0","flutils.objutils","1615364276091026597","373","121722710289","0.5454545454545454","4","29","0","0","4","29","24","True","41"
"Init_Reuse_0.7_Mut_8","flutils.strutils","1615365214934545788","183","121911563806","0.8181818181818182","9","84","5","44","4","40","1","True","7"
"Init_Reuse_0.9_Mut_8","flutils.objutils","1615365345171301297","389","121521998690","0.48484848484848486","7","46","0","0","7","46","24","True","41"
"Init_Reuse_0.3_Mut_8","flutils.moduleutils","1615365012626062210","167","121777276621","0.2426470588235294","12","47","12","47","0","0","","False",""
"Init_Reuse_0.7_Mut_0","flutils.namedtupleutils","1615364346277293107","325","121606374959","0.5263157894736842","6","44","4","32","2","12","1","True","11"
"Init_Reuse_0.7_Mut_4","flutils.validators","1615364819010493909","343","122104474772","0.9565217391304348","9","39","8","26","1","13","7","True","9"
"Init_Reuse_0.7_Mut_0","flutils.strutils","1615364346275225994","324","121288969547","0.8181818181818182","2","34","2","34","0","0","1","True","7"
"Init_Reuse_0.9_Mut_8","flutils.namedtupleutils","1615365354516244102","341","121366468852","0.5263157894736842","10","65","9","58","1","7","1","True","11"
"Init_Reuse_0.9_Mut_0","flutils.objutils","1615364480671338613","356","121705178712","0.48484848484848486","3","39","0","0","3","39","24","True","41"
"Init_Reuse_0.3_Mut_4","flutils.setuputils.cfg","1615364556005976739","496","121304811750","0.03773584905660377","6","15","6","15","0","0","5","True","16"
"Init_Reuse_0.5_Mut_4","flutils.validators","1615364683656932947","325","121305699426","0.9565217391304348","9","40","6","28","3","12","7","True","9"
"Init_Reuse_0.7_Mut_4","flutils.packages","1615364802942712045","265","121268347853","0.07142857142857142","7","14","7","14","0","0","","False",""
"Init_Reuse_0.7_Mut_0","flutils.codecs.raw_utf8_escape","1615364340821803678","285","121536906672","0.7391304347826086","7","60","6","52","1","8","3","True","11"
"Init_Reuse_0.0_Mut_0","flutils.objutils","1615364048766161747","162","121747692647","0.48484848484848486","6","91","0","0","6","91","","",""
"Init_Reuse_0.7_Mut_8","flutils.objutils","1615365229027807007","169","122689424079","0.48484848484848486","8","147","0","0","8","147","24","True","41"
"Init_Reuse_0.5_Mut_0","flutils.strutils","1615364236972218352","145","122468782464","0.8181818181818182","10","94","2","28","8","66","1","True","7"
"Init_Reuse_0.5_Mut_8","flutils.packages","1615365136527698517","239","122328731756","0.07142857142857142","6","13","6","13","0","0","","False",""
"Init_Reuse_0.9_Mut_4","flutils.setuputils.cfg","1615364888473824040","906","121104519843","0.03773584905660377","9","5","1","1","8","4","5","True","16"
"Init_Reuse_0.7_Mut_8","flutils.validators","1615365223056993536","328","121117803574","0.9565217391304348","7","37","7","37","0","0","7","True","9"
"Init_Reuse_0.7_Mut_0","flutils.validators","1615364340175088060","307","121361299479","0.9565217391304348","7","55","6","51","1","4","7","True","9"
"Init_Reuse_0.5_Mut_0","flutils.moduleutils","1615364223632832876","194","121913403204","0.2426470588235294","11","47","11","47","0","0","","False",""
"Init_Reuse_0.9_Mut_4","flutils.packages","1615364882815978448","287","121537155031","0.07142857142857142","6","19","6","19","0","0","","False",""
"Init_Reuse_0.9_Mut_4","flutils.validators","1615364896903371688","445","121278023488","0.9565217391304348","12","49","9","37","3","12","7","True","9"
"Init_Reuse_0.3_Mut_4","flutils.codecs.b64","1615364560771667462","253","121472204877","0.6923076923076923","8","27","8","27","0","0","2","True","13"
"Init_Reuse_0.7_Mut_4","flutils.setuputils.cfg","1615364797479304999","565","121202971618","0.03773584905660377","4","8","4","8","0","0","5","True","16"
"Init_Reuse_0.9_Mut_0","flutils.strutils","1615364481122389065","183","123189201319","0.8181818181818182","2","58","0","0","2","58","1","True","7"
"Init_Reuse_0.5_Mut_8","flutils.codecs.b64","1615365125516615554","274","121357921482","0.7692307692307693","11","58","11","58","0","0","2","True","13"
"Init_Reuse_0.5_Mut_8","flutils.objutils","1615365131216608266","202","122187012165","0.48484848484848486","7","112","0","0","7","112","24","True","41"
"Init_Reuse_0.3_Mut_8","flutils.validators","1615365010501968901","292","122608408769","0.9565217391304348","9","36","8","29","1","7","7","True","9"
"Init_Reuse_0.9_Mut_0","flutils.codecs.raw_utf8_escape","1615364473882084950","291","122168387504","0.6086956521739131","6","68","6","68","0","0","3","True","11"
"Init_Reuse_0.3_Mut_0","flutils.codecs.raw_utf8_escape","1615364103313422762","177","121472201646","0.782608695652174","11","73","11","73","0","0","3","True","11"
"Init_Reuse_0.7_Mut_0","flutils.pathutils","1615364346067872186","201","122287542911","0.5615384615384615","13","51","13","51","0","0","8","True","8"
"Init_Reuse_0.9_Mut_0","flutils.validators","1615364480671640887","402","121705663797","0.9130434782608695","7","53","6","46","1","7","7","True","9"
"Init_Reuse_0.7_Mut_4","flutils.objutils","1615364790640848802","264","122457675848","0.5454545454545454","8","63","0","0","8","63","24","True","41"
"Init_Reuse_0.3_Mut_4","flutils.strutils","1615364556363370890","172","121938955850","0.8181818181818182","8","130","2","32","6","98","1","True","7"
"Init_Reuse_0.5_Mut_4","flutils.objutils","1615364683656594960","196","121606906498","0.5454545454545454","6","80","0","0","6","80","24","True","41"
"Init_Reuse_0.7_Mut_0","flutils.setuputils.cfg","1615364337716222646","2280","122588243775","0.03773584905660377","1","0","0","0","1","0","5","True","16"
"Init_Reuse_0.9_Mut_8","flutils.packages","1615365354516857591","242","121694228362","0.07142857142857142","10","16","10","16","0","0","","False",""
"Init_Reuse_0.5_Mut_4","flutils.pathutils","1615364666865349007","183","122775792496","0.5076923076923077","16","65","15","61","1","4","8","True","8"
"Init_Reuse_0.9_Mut_8","flutils.setuputils.cfg","1615365348753374389","1055","121179782575","0.03773584905660377","1","3","0","0","1","3","5","True","16"
"Init_Reuse_0.5_Mut_4","flutils.moduleutils","1615364670515791465","185","121493333828","0.2426470588235294","11","33","11","33","0","0","","False",""
"Init_Reuse_0.3_Mut_8","flutils.packages","1615365009898616186","297","122250088806","0.07142857142857142","9","19","9","19","0","0","","False",""
"Init_Reuse_0.5_Mut_0","flutils.validators","1615364276091000899","294","122021236531","0.9565217391304348","7","56","7","56","0","0","7","True","9"
"Init_Reuse_0.7_Mut_8","flutils.setuputils.cfg","1615365215051125753","590","121785031005","0.03773584905660377","4","7","3","5","1","2","5","True","16"
"Init_Reuse_0.9_Mut_8","flutils.validators","1615365341688878729","639","121050376498","0.9565217391304348","6","26","6","26","0","0","7","True","9"
"Init_Reuse_0.3_Mut_0","flutils.setuputils.cfg","1615364109614327285","445","121151565493","0.03773584905660377","4","5","2","2","2","3","5","True","16"
"Init_Reuse_0.0_Mut_0","flutils.setuputils.cmd","1615364045747854973","227","121399192202","0.058823529411764705","10","11","10","11","0","0","","",""
"Init_Reuse_0.7_Mut_4","flutils.codecs.raw_utf8_escape","1615364800901155598","229","121577847170","0.7391304347826086","10","45","9","44","1","1","3","True","11"
"Init_Reuse_0.3_Mut_8","flutils.setuputils.cfg","1615365012648113032","615","121669043077","0.03773584905660377","3","4","2","4","1","0","5","True","16"
"Init_Reuse_0.9_Mut_8","flutils.strutils","1615365348485901048","410","121712784622","0.8181818181818182","6","61","0","0","6","61","1","True","7"
"Init_Reuse_0.5_Mut_4","flutils.packages","1615364676589335773","356","121384265560","0.07142857142857142","3","5","3","5","0","0","","False",""
"Init_Reuse_0.7_Mut_0","flutils.moduleutils","1615364345612949861","254","121388315420","0.2426470588235294","10","44","10","44","0","0","","False",""
"Init_Reuse_0.9_Mut_8","flutils.moduleutils","1615365340446990451","157","121535124983","0.2426470588235294","13","38","13","38","0","0","","False",""
"Init_Reuse_0.0_Mut_0","flutils.packages","1615364052382486608","350","121366522326","0.07142857142857142","2","5","2","5","0","0","","",""
"Init_Reuse_0.5_Mut_0","flutils.pathutils","1615364269546077099","131","124107188113","0.5230769230769231","14","62","14","62","0","0","8","True","8"
"Init_Reuse_0.3_Mut_4","flutils.validators","1615364566750040105","231","121970737096","0.9565217391304348","10","43","9","42","1","1","7","True","9"
"Init_Reuse_0.9_Mut_8","flutils.pathutils","1615365344926990350","375","121477213973","0.34615384615384615","9","33","9","33","0","0","8","True","8"
"Init_Reuse_0.5_Mut_4","flutils.setuputils.cfg","1615364682815915230","626","122022244259","0.03773584905660377","1","2","0","0","1","2","5","True","16"
"Init_Reuse_0.3_Mut_0","flutils.namedtupleutils","1615364103757352029","295","121388612488","0.5263157894736842","7","33","4","12","3","21","1","True","11"
"Init_Reuse_0.7_Mut_8","flutils.moduleutils","1615365219914828972","182","121727922568","0.2426470588235294","10","46","10","46","0","0","","False",""
"Init_Reuse_0.3_Mut_0","flutils.moduleutils","1615364103698867511","182","121472128525","0.2426470588235294","10","35","10","35","0","0","","False",""
"Init_Reuse_0.7_Mut_8","flutils.namedtupleutils","1615365223404026277","262","121387589470","0.5263157894736842","7","57","6","21","1","36","1","True","11"
"Init_Reuse_0.0_Mut_0","flutils.decorators","1615364051464296628","180","121669879735","0.7","9","76","8","74","1","2","","",""
"Init_Reuse_0.0_Mut_0","flutils.txtutils","1615364051663664974","171","121779128521","0.16666666666666666","8","91","8","91","0","0","","",""
"Init_Reuse_0.9_Mut_4","flutils.strutils","1615364888491581403","136","121623139050","0.8181818181818182","9","129","6","74","3","55","1","True","7"
"Init_Reuse_0.7_Mut_0","flutils.objutils","1615364343604523168","400","121317870188","0.5454545454545454","5","35","0","0","5","35","24","True","41"
"Init_Reuse_0.5_Mut_0","flutils.packages","1615364224189869352","357","121406804391","0.07142857142857142","3","10","3","10","0","0","","False",""
"Init_Reuse_0.7_Mut_8","flutils.codecs.raw_utf8_escape","1615365232505074707","257","121720472919","0.7391304347826086","10","80","9","79","1","1","3","True","11"
"Init_Reuse_0.5_Mut_0","flutils.setuputils.cfg","1615364235792977799","465","121267369401","0.03773584905660377","6","9","3","4","3","5","5","True","16"
"Init_Reuse_0.9_Mut_4","flutils.pathutils","1615364897077052627","279","121883831506","0.5538461538461539","13","70","12","65","1","5","8","True","8"
"Init_Reuse_0.3_Mut_4","flutils.moduleutils","1615364559004322411","182","123395588872","0.2426470588235294","11","52","11","52","0","0","","False",""
"Init_Reuse_0.9_Mut_4","flutils.codecs.raw_utf8_escape","1615364903076086084","428","121198918851","0.6086956521739131","9","50","7","39","2","11","3","True","11"
"Init_Reuse_0.3_Mut_8","flutils.objutils","1615365006663417153","199","121815561032","0.48484848484848486","7","97","0","0","7","97","24","True","41"
"Init_Reuse_0.9_Mut_0","flutils.packages","1615364453454248275","381","121268257990","0.07142857142857142","4","11","4","11","0","0","","False",""
"Init_Reuse_0.3_Mut_0","flutils.objutils","1615364102838094685","153","122249210141","0.5454545454545454","5","79","0","0","5","79","24","True","41"
"Init_Reuse_0.3_Mut_0","flutils.validators","1615364102598384034","204","121304880492","0.9565217391304348","9","36","9","36","0","0","7","True","9"
"Init_Reuse_0.9_Mut_0","flutils.moduleutils","1615364480778223724","217","121967348577","0.2426470588235294","11","46","11","46","0","0","","False",""
"Init_Reuse_0.0_Mut_0","flutils.moduleutils","1615364051664769272","151","122077374799","0.2426470588235294","12","36","11","33","1","3","","",""
"Init_Reuse_0.5_Mut_4","flutils.strutils","1615364683356619182","127","123137677435","0.8181818181818182","9","198","3","20","6","178","1","True","7"
"Init_Reuse_0.3_Mut_0","flutils.packages","1615364104069694773","194","121363705312","0.07142857142857142","10","20","10","20","0","0","","False",""
"Init_Reuse_0.7_Mut_8","flutils.packages","1615365216443970939","216","122235585683","0.07142857142857142","9","18","9","18","0","0","","False",""
"Init_Reuse_0.0_Mut_0","flutils.namedtupleutils","1615364052267027106","313","121171353417","0.5263157894736842","5","30","4","28","1","2","","",""
"Init_Reuse_0.5_Mut_0","flutils.codecs.b64","1615364275504641033","248","121187409844","0.7692307692307693","7","54","6","53","1","1","2","True","13"
"Init_Reuse_0.9_Mut_8","flutils.codecs.b64","1615365344981064156","138","121536695221","0.7692307692307693","10","63","10","63","0","0","2","True","13"
"Init_Reuse_0.5_Mut_4","flutils.namedtupleutils","1615364676261304154","233","121689050543","0.5263157894736842","10","45","10","45","0","0","1","True","11"
"Init_Reuse_0.7_Mut_0","flutils.packages","1615364344438964161","175","121997086723","0.07142857142857142","10","21","10","21","0","0","","False",""
"Init_Reuse_0.7_Mut_4","flutils.namedtupleutils","1615364803280136556","305","121257487864","0.5263157894736842","10","50","4","26","6","24","1","True","11"
"Init_Reuse_0.3_Mut_8","flutils.strutils","1615365012482866144","131","122315227806","0.8181818181818182","10","180","6","68","4","112","1","True","7"
"Init_Reuse_0.7_Mut_4","flutils.pathutils","1615364800652556273","259","121644064871","0.43846153846153846","12","44","12","44","0","0","8","True","8"
"Init_Reuse_0.3_Mut_8","flutils.pathutils","1615365007031608577","113","122283715864","0.49230769230769234","17","75","17","75","0","0","8","True","8"
"Init_Reuse_0.5_Mut_8","flutils.codecs.raw_utf8_escape","1615365139961725110","295","122512168809","0.6956521739130435","10","60","10","60","0","0","3","True","11"
"Init_Reuse_0.3_Mut_8","flutils.codecs.b64","1615365006551542848","215","121136521055","0.7692307692307693","9","43","7","40","2","3","2","True","13"
"Init_Reuse_0.3_Mut_0","flutils.codecs.b64","1615364098107747760","367","121351874878","0.7692307692307693","6","29","5","28","1","1","2","True","13"
"Init_Reuse_0.9_Mut_0","flutils.namedtupleutils","1615364473938277383","296","122199697022","0.5263157894736842","10","87","2","17","8","70","1","True","11"
"Init_Reuse_0.3_Mut_4","flutils.packages","1615364562831279851","183","121475781790","0.07142857142857142","9","21","9","21","0","0","","False",""
"Init_Reuse_0.3_Mut_4","flutils.namedtupleutils","1615364560948436803","278","121765468790","0.5263157894736842","8","60","4","44","4","16","1","True","11"
"Init_Reuse_0.9_Mut_4","flutils.codecs.b64","1615364897077064874","446","121297572399","0.6153846153846154","6","17","3","14","3","3","2","True","13"
"Init_Reuse_0.7_Mut_8","flutils.pathutils","1615365232504650766","207","122325436621","0.5230769230769231","16","75","16","75","0","0","8","True","8"
"Init_Reuse_0.9_Mut_0","flutils.setuputils.cfg","1615364470638630430","833","121092574730","0.03773584905660377","8","6","1","1","7","5","5","True","16"
"Init_Reuse_0.5_Mut_0","flutils.namedtupleutils","1615364224234302131","308","121181323898","0.5263157894736842","10","51","4","16","6","35","1","True","11"
"Init_Reuse_0.7_Mut_0","flutils.codecs.b64","1615364345032101712","248","121290856082","0.6923076923076923","6","34","5","33","1","1","2","True","13"
"Init_Reuse_0.5_Mut_8","flutils.setuputils.cfg","1615365131209791816","702","121547300225","0.03773584905660377","1","1","0","0","1","1","5","True","16"
"Init_Reuse_0.9_Mut_4","flutils.moduleutils","1615364882795203943","177","121538774519","0.2426470588235294","11","48","11","48","0","0","","False",""
"Init_Reuse_0.5_Mut_0","flutils.codecs.raw_utf8_escape","1615364223761209822","218","121763461699","0.7391304347826086","7","88","7","88","0","0","3","True","11"
"Init_Reuse_0.5_Mut_8","flutils.strutils","1615365131403062127","146","122176839415","0.8181818181818182","4","84","2","42","2","42","1","True","7"
