"ConfigurationId","TargetModule","RandomSeed","AlgorithmIterations","TotalTime","Coverage","Size","Length","FailingSize","FailingLength","PassingSize","PassingLength","CollectedTestCases","SuitableTestModule","FoundTestCases"
"Init_Reuse_0.9_Mut_4","pytutils.pretty","1615361554687615986","144","122349494258","0.6470588235294118","10","54","10","54","0","0","","False",""
"Init_Reuse_0.5_Mut_4","pytutils.files","1615361309880345133","196","121628353060","0.3103448275862069","8","74","7","57","1","17","","False",""
"Init_Reuse_0.3_Mut_8","pytutils.lazy.simple_import","1615361666890888831","283","121286087152","0.6","5","66","0","0","5","66","","False",""
"Init_Reuse_0.0_Mut_0","pytutils.path","1615360660479166432","372","121004171558","0.25","1","18","0","0","1","18","","",""
"Init_Reuse_0.7_Mut_0","pytutils.pretty","1615361020833800242","220","121875281332","0.6470588235294118","8","40","8","40","0","0","","False",""
"Init_Reuse_0.5_Mut_8","pytutils.urls","1615361740987025093","380","120947642269","0.75","2","9","2","9","0","0","","False",""
"Init_Reuse_0.3_Mut_0","pytutils.mappings","1615360768700946567","104","122781934670","0.6","19","254","18","239","1","15","","False",""
"Init_Reuse_0.3_Mut_0","pytutils.log","1615360769936035688","221","121198452422","0.8235294117647058","8","73","8","73","0","0","","False",""
"Init_Reuse_0.9_Mut_4","pytutils.lazy.simple_import","1615361512567194995","211","121279748557","0.6","6","94","0","0","6","94","","False",""
"Init_Reuse_0.9_Mut_0","pytutils.props","1615361101123510306","161","122261737696","0.6470588235294118","8","79","8","79","0","0","","False",""
"Init_Reuse_0.5_Mut_4","pytutils.meth","1615361343546641586","0","5778903909","1.0","3","12","3","12","0","0","","False",""
"Init_Reuse_0.3_Mut_8","pytutils.excs","1615361635166860943","308","121152996932","0.16666666666666666","7","66","0","0","7","66","","False",""
"Init_Reuse_0.7_Mut_4","pytutils.files","1615361405926275542","261","121211980846","0.3103448275862069","4","52","4","52","0","0","","False",""
"Init_Reuse_0.7_Mut_0","pytutils.rand","1615361005347851686","0","5739231778","1.0","7","19","7","19","0","0","","False",""
"Init_Reuse_0.0_Mut_0","pytutils.debug","1615360659371632735","0","9506847917","1.0","4","113","0","0","4","113","","",""
"Init_Reuse_0.7_Mut_4","pytutils.env","1615361407223587806","195","121324158489","0.5","8","79","8","79","0","0","","False",""
"Init_Reuse_0.7_Mut_0","pytutils.lazy.lazy_import","1615360978945952194","140","121577578343","0.4224137931034483","11","101","11","101","0","0","","False",""
"Init_Reuse_0.5_Mut_8","pytutils.files","1615361755022157156","187","121588616613","0.2413793103448276","9","84","8","78","1","6","","False",""
"Init_Reuse_0.3_Mut_8","pytutils.sets","1615361642670866042","182","121241953564","0.6666666666666666","8","73","8","73","0","0","","False",""
"Init_Reuse_0.7_Mut_0","pytutils.python","1615360966855785851","194","121621536389","0.3","5","93","0","0","5","93","","False",""
"Init_Reuse_0.7_Mut_4","pytutils.lazy.lazy_regex","1615361433598309041","171","122097311458","0.6041666666666666","10","72","9","70","1","2","","False",""
"Init_Reuse_0.3_Mut_0","pytutils.files","1615360770003382367","174","121224745033","0.3103448275862069","8","103","8","103","0","0","","False",""
"Init_Reuse_0.9_Mut_8","pytutils.lazy.lazy_import","1615361964952901240","142","122154896927","0.4224137931034483","13","126","12","118","1","8","","False",""
"Init_Reuse_0.7_Mut_8","pytutils.meth","1615361863499623477","0","6473338237","1.0","5","21","5","21","0","0","","False",""
"Init_Reuse_0.5_Mut_8","pytutils.lazy.simple_import","1615361763401383185","196","121524315503","0.6","2","67","0","0","2","67","","False",""
"Init_Reuse_0.7_Mut_0","pytutils.path","1615361005348927342","204","122048146214","0.25","3","79","0","0","3","79","","False",""
"Init_Reuse_0.7_Mut_4","pytutils.excs","1615361435159272889","174","121930654984","0.16666666666666666","7","163","0","0","7","163","","False",""
"Init_Reuse_0.9_Mut_8","pytutils.sets","1615361964153859689","183","121294980002","0.6666666666666666","8","72","8","72","0","0","","False",""
"Init_Reuse_0.5_Mut_0","pytutils.python","1615360870744653315","143","122286156398","0.3","9","196","0","0","9","196","","False",""
"Init_Reuse_0.3_Mut_8","pytutils.files","1615361651588926206","188","121941786902","0.2413793103448276","9","105","8","98","1","7","","False",""
"Init_Reuse_0.7_Mut_8","pytutils.path","1615361877941694185","160","122635729476","0.25","8","187","0","0","8","187","","False",""
"Init_Reuse_0.9_Mut_0","pytutils.sets","1615361105358723914","163","121729143353","0.6666666666666666","8","73","8","73","0","0","","False",""
"Init_Reuse_0.5_Mut_0","pytutils.debug","1615360870740784835","0","7451455311","1.0","9","213","0","0","9","213","","False",""
"Init_Reuse_0.3_Mut_8","pytutils.trees","1615361655749225523","180","121667617324","0.75","9","64","9","64","0","0","","False",""
"Init_Reuse_0.9_Mut_0","pytutils.lazy.lazy_regex","1615361118496692622","208","123819136958","0.6041666666666666","11","87","9","75","2","12","","False",""
"Init_Reuse_0.5_Mut_8","pytutils.timers","1615361754980572129","0","6472438096","1.0","8","106","5","50","3","56","","False",""
"Init_Reuse_0.3_Mut_0","pytutils.urls","1615360759989181656","231","121680587124","0.75","9","52","9","52","0","0","","False",""
"Init_Reuse_0.9_Mut_8","pytutils.rand","1615361999848197229","0","5598273264","1.0","10","26","10","26","0","0","","False",""
"Init_Reuse_0.5_Mut_8","pytutils.memo","1615361774725184990","202","122230942941","0.25","7","34","7","34","0","0","","False",""
"Init_Reuse_0.9_Mut_0","pytutils.debug","1615361094440126006","0","6545927150","1.0","2","40","0","0","2","40","","False",""
"Init_Reuse_0.7_Mut_8","pytutils.env","1615361860723004294","214","122555115202","0.5","10","89","7","58","3","31","","False",""
"Init_Reuse_0.3_Mut_8","pytutils.python","1615361655875691952","175","122093269715","0.3","9","159","0","0","9","159","","False",""
"Init_Reuse_0.5_Mut_0","pytutils.lazy.lazy_regex","1615360871714144903","201","121409628104","0.6041666666666666","11","89","10","88","1","1","","False",""
"Init_Reuse_0.3_Mut_4","pytutils.pretty","1615361231720091425","207","122214408855","0.6470588235294118","10","53","10","53","0","0","","False",""
"Init_Reuse_0.9_Mut_8","pytutils.pretty","1615361965118929435","228","121232398728","0.6470588235294118","8","49","8","49","0","0","","False",""
"Init_Reuse_0.9_Mut_8","pytutils.iters","1615361991520800615","265","121475291526","0.26666666666666666","3","44","2","34","1","10","","False",""
"Init_Reuse_0.9_Mut_0","pytutils.files","1615361099867534603","250","121268368669","0.2413793103448276","5","43","4","36","1","7","","False",""
"Init_Reuse_0.7_Mut_8","pytutils.lazy.lazy_regex","1615361843264504983","242","121160802021","0.6041666666666666","9","70","8","63","1","7","","False",""
"Init_Reuse_0.3_Mut_4","pytutils.log","1615361194417445021","190","122505951912","0.7941176470588235","11","67","11","67","0","0","","False",""
"Init_Reuse_0.5_Mut_0","pytutils.mappings","1615360854449127114","111","122809866224","0.632","16","220","12","174","4","46","","False",""
"Init_Reuse_0.0_Mut_0","pytutils.props","1615360658208066718","208","121042147441","0.6470588235294118","8","64","7","60","1","4","","",""
"Init_Reuse_0.5_Mut_8","pytutils.meth","1615361752269286649","0","5323874105","1.0","5","23","5","23","0","0","","False",""
"Init_Reuse_0.7_Mut_8","pytutils.memo","1615361849416026999","194","121359361750","0.25","8","42","8","42","0","0","","False",""
"Init_Reuse_0.7_Mut_4","pytutils.timers","1615361426003667056","0","6389024161","1.0","9","148","6","59","3","89","","False",""
"Init_Reuse_0.0_Mut_0","pytutils.pretty","1615360658206580925","190","121325055870","0.6470588235294118","9","45","9","45","0","0","","",""
"Init_Reuse_0.5_Mut_8","pytutils.lazy.lazy_regex","1615361748418585690","161","121419363334","0.6041666666666666","9","100","9","100","0","0","","False",""
"Init_Reuse_0.3_Mut_4","pytutils.excs","1615361222473271080","180","122331809243","0.16666666666666666","6","139","0","0","6","139","","False",""
"Init_Reuse_0.3_Mut_8","pytutils.urls","1615361642850449841","280","121103653527","0.75","8","43","8","43","0","0","","False",""
"Init_Reuse_0.9_Mut_8","pytutils.files","1615361994310197513","200","121477128625","0.2413793103448276","8","87","7","82","1","5","","False",""
"Init_Reuse_0.0_Mut_0","pytutils.lazy.lazy_regex","1615360653846013420","196","121583856080","0.6041666666666666","11","89","10","85","1","4","","",""
"Init_Reuse_0.0_Mut_0","pytutils.meth","1615360654677750186","0","5542786322","1.0","6","23","6","23","0","0","","",""
"Init_Reuse_0.7_Mut_0","pytutils.excs","1615361039997636653","296","121722558876","0.16666666666666666","2","34","0","0","2","34","","False",""
"Init_Reuse_0.5_Mut_4","pytutils.lazy.simple_import","1615361305435123330","174","121402002317","0.6","9","188","0","0","9","188","","False",""
"Init_Reuse_0.3_Mut_4","pytutils.meth","1615361177819620383","0","5917944361","1.0","4","19","4","19","0","0","","False",""
"Init_Reuse_0.9_Mut_4","pytutils.meth","1615361547082701354","0","5965981361","1.0","5","22","5","22","0","0","","False",""
"Init_Reuse_0.7_Mut_8","pytutils.excs","1615361854619265923","410","121012260108","0.16666666666666666","1","9","0","0","1","9","","False",""
"Init_Reuse_0.0_Mut_0","pytutils.memo","1615360653277413863","216","121534866202","0.25","10","57","10","57","0","0","","",""
"Init_Reuse_0.5_Mut_4","pytutils.sets","1615361311539537110","148","121097340873","0.6666666666666666","7","80","7","80","0","0","","False",""
"Init_Reuse_0.5_Mut_0","pytutils.pretty","1615360851824479243","256","121128192052","0.6470588235294118","6","23","6","23","0","0","","False",""
"Init_Reuse_0.3_Mut_4","pytutils.urls","1615361183606234921","354","121083317451","0.75","3","14","3","14","0","0","","False",""
"Init_Reuse_0.9_Mut_4","pytutils.rand","1615361519222051792","0","5713352650","1.0","4","8","4","8","0","0","","False",""
"Init_Reuse_0.7_Mut_8","pytutils.props","1615361858435166173","189","121380522463","0.6470588235294118","9","88","9","88","0","0","","False",""
"Init_Reuse_0.3_Mut_0","pytutils.tlds","1615360761617144849","234","121121987574","0.9166666666666666","9","46","8","43","1","3","","False",""
"Init_Reuse_0.3_Mut_8","pytutils.log","1615361651999708259","157","121800477034","0.7941176470588235","10","77","10","77","0","0","","False",""
"Init_Reuse_0.5_Mut_0","pytutils.urls","1615360870791478909","362","121152741268","0.75","3","12","3","12","0","0","","False",""
"Init_Reuse_0.9_Mut_0","pytutils.trees","1615361114917795762","154","125620166544","0.75","10","74","10","74","0","0","","False",""
"Init_Reuse_0.9_Mut_4","pytutils.timers","1615361555364340350","0","7344915989","1.0","10","134","7","94","3","40","","False",""
"Init_Reuse_0.3_Mut_0","pytutils.path","1615360762090394483","390","120912459232","0.25","2","26","0","0","2","26","","False",""
"Init_Reuse_0.9_Mut_8","pytutils.env","1615361999859067076","226","121355511054","0.5","8","65","7","54","1","11","","False",""
"Init_Reuse_0.9_Mut_8","pytutils.memo","1615361964426896384","271","121319615805","0.25","10","44","10","44","0","0","","False",""
"Init_Reuse_0.3_Mut_8","pytutils.meth","1615361655746869716","0","5416604780","1.0","9","43","9","43","0","0","","False",""
"Init_Reuse_0.3_Mut_4","pytutils.props","1615361220917226039","253","121530499700","0.6470588235294118","7","53","6","49","1","4","","False",""
"Init_Reuse_0.9_Mut_0","pytutils.memo","1615361106127114659","258","121543470522","0.25","6","33","6","33","0","0","","False",""
"Init_Reuse_0.7_Mut_8","pytutils.urls","1615361877213963843","236","122433435390","0.75","7","32","7","32","0","0","","False",""
"Init_Reuse_0.7_Mut_4","pytutils.props","1615361434985945645","222","121354148440","0.6470588235294118","9","82","8","68","1","14","","False",""
"Init_Reuse_0.9_Mut_8","pytutils.lazy.simple_import","1615361965081840659","255","121390853636","0.6","7","101","0","0","7","101","","False",""
"Init_Reuse_0.7_Mut_8","pytutils.files","1615361863606092291","167","121415169710","0.2413793103448276","10","141","9","116","1","25","","False",""
"Init_Reuse_0.5_Mut_8","pytutils.lazy.lazy_import","1615361763400708123","132","122480150469","0.4482758620689655","13","124","13","124","0","0","","False",""
"Init_Reuse_0.7_Mut_0","pytutils.urls","1615360973979088766","475","121132154197","0.75","2","8","2","8","0","0","","False",""
"Init_Reuse_0.7_Mut_4","pytutils.tlds","1615361435159312352","5","7608341053","1.0","9","46","8","43","1","3","","False",""
"Init_Reuse_0.3_Mut_8","pytutils.lazy.lazy_regex","1615361654789687934","190","121863470156","0.6041666666666666","10","80","10","80","0","0","","False",""
"Init_Reuse_0.5_Mut_8","pytutils.pythree","1615361794155152461","195","121303695887","0.42857142857142855","10","59","10","59","0","0","","False",""
"Init_Reuse_0.7_Mut_0","pytutils.debug","1615360966931564987","0","8406662786","1.0","9","184","0","0","9","184","","False",""
"Init_Reuse_0.7_Mut_4","pytutils.sets","1615361434372328728","109","121726081603","0.6666666666666666","12","114","12","114","0","0","","False",""
"Init_Reuse_0.3_Mut_0","pytutils.meth","1615360769237348265","0","5271922297","1.0","2","8","2","8","0","0","","False",""
"Init_Reuse_0.7_Mut_4","pytutils.iters","1615361409703536208","213","121385469480","0.26666666666666666","3","62","2","24","1","38","","False",""
"Init_Reuse_0.0_Mut_0","pytutils.urls","1615360660479206501","384","121091361878","0.75","3","14","3","14","0","0","","",""
"Init_Reuse_0.7_Mut_0","pytutils.memo","1615360978401519864","252","121192904012","0.25","6","39","6","39","0","0","","False",""
"Init_Reuse_0.5_Mut_8","pytutils.path","1615361744192782348","246","121670928524","0.25","3","57","0","0","3","57","","False",""
"Init_Reuse_0.7_Mut_4","pytutils.meth","1615361398631179139","0","5220630590","1.0","5","21","5","21","0","0","","False",""
"Init_Reuse_0.7_Mut_0","pytutils.mappings","1615361005334434334","108","123823442493","0.648","16","233","16","233","0","0","","False",""
"Init_Reuse_0.3_Mut_0","pytutils.trees","1615360762817229184","213","121068748431","0.75","8","63","8","63","0","0","","False",""
"Init_Reuse_0.9_Mut_4","pytutils.lazy.lazy_import","1615361530969921695","127","122327668138","0.4224137931034483","12","138","12","138","0","0","","False",""
"Init_Reuse_0.9_Mut_0","pytutils.excs","1615361101134710366","261","121817115550","0.16666666666666666","3","48","0","0","3","48","","False",""
"Init_Reuse_0.5_Mut_4","pytutils.iters","1615361343546695184","207","122167544034","0.26666666666666666","10","123","8","100","2","23","","False",""
"Init_Reuse_0.3_Mut_8","pytutils.tlds","1615361635229646781","11","10714840945","1.0","8","50","7","38","1","12","","False",""
"Init_Reuse_0.9_Mut_4","pytutils.tlds","1615361556008739133","216","121451501792","0.9166666666666666","9","54","9","54","0","0","","False",""
"Init_Reuse_0.5_Mut_4","pytutils.path","1615361309476226293","195","121662707389","0.25","4","107","0","0","4","107","","False",""
"Init_Reuse_0.3_Mut_8","pytutils.pretty","1615361634411654187","218","121450069130","0.6470588235294118","9","50","9","50","0","0","","False",""
"Init_Reuse_0.0_Mut_0","pytutils.files","1615360659591395538","164","122211013266","0.2413793103448276","10","104","10","104","0","0","","",""
"Init_Reuse_0.7_Mut_0","pytutils.lazy.simple_import","1615361020847690611","234","121807995291","0.6","6","104","0","0","6","104","","False",""
"Init_Reuse_0.3_Mut_0","pytutils.rand","1615360770007712531","0","4377748818","1.0","1","3","1","3","0","0","","False",""
"Init_Reuse_0.5_Mut_8","pytutils.debug","1615361744194883864","0","9289007222","1.0","8","191","0","0","8","191","","False",""
"Init_Reuse_0.0_Mut_0","pytutils.sets","1615360649290463962","147","121589747529","0.6666666666666666","9","73","9","73","0","0","","",""
"Init_Reuse_0.5_Mut_4","pytutils.memo","1615361310007123892","315","121470228382","0.25","8","34","8","34","0","0","","False",""
"Init_Reuse_0.5_Mut_0","pytutils.tlds","1615360893046846836","196","121526049667","0.9166666666666666","9","49","9","49","0","0","","False",""
"Init_Reuse_0.3_Mut_4","pytutils.path","1615361190775071999","204","121511843856","0.25","8","124","0","0","8","124","","False",""
"Init_Reuse_0.9_Mut_4","pytutils.env","1615361518981570663","213","121707394372","0.5","10","72","10","72","0","0","","False",""
"Init_Reuse_0.3_Mut_0","pytutils.excs","1615360762476485649","185","122122159478","0.16666666666666666","10","168","0","0","10","168","","False",""
"Init_Reuse_0.3_Mut_0","pytutils.props","1615360762507601277","252","121446872425","0.6470588235294118","8","57","8","57","0","0","","False",""
"Init_Reuse_0.5_Mut_4","pytutils.lazy.lazy_import","1615361309521099694","123","122139774338","0.4224137931034483","14","128","13","115","1","13","","False",""
"Init_Reuse_0.3_Mut_4","pytutils.files","1615361177913753032","188","121252556618","0.2413793103448276","8","89","7","82","1","7","","False",""
"Init_Reuse_0.5_Mut_0","pytutils.timers","1615360897673835457","0","7279289797","1.0","5","127","3","49","2","78","","False",""
"Init_Reuse_0.9_Mut_4","pytutils.iters","1615361519267345379","235","121425670241","0.26666666666666666","4","72","4","72","0","0","","False",""
"Init_Reuse_0.7_Mut_8","pytutils.tlds","1615361869103408343","8","9051947871","1.0","7","52","6","43","1","9","","False",""
"Init_Reuse_0.0_Mut_0","pytutils.iters","1615360653429091276","185","121360301742","0.26666666666666666","9","116","5","57","4","59","","",""
"Init_Reuse_0.7_Mut_0","pytutils.tlds","1615361042386571202","31","21021754764","1.0","10","65","9","62","1","3","","False",""
"Init_Reuse_0.0_Mut_0","pytutils.trees","1615360653836091442","222","121305869890","0.75","7","59","7","59","0","0","","",""
"Init_Reuse_0.0_Mut_0","pytutils.tlds","1615360653983109882","10","10212496146","1.0","9","51","8","48","1","3","","",""
"Init_Reuse_0.7_Mut_4","pytutils.pythree","1615361425764455851","301","121715290132","0.42857142857142855","3","20","3","20","0","0","","False",""
"Init_Reuse_0.5_Mut_8","pytutils.trees","1615361748406796007","205","121211096947","0.75","9","70","9","70","0","0","","False",""
"Init_Reuse_0.3_Mut_8","pytutils.path","1615361642687206455","280","121161028598","0.25","3","54","0","0","3","54","","False",""
"Init_Reuse_0.3_Mut_4","pytutils.tlds","1615361222675885769","251","121796471913","0.9166666666666666","7","52","7","52","0","0","","False",""
"Init_Reuse_0.9_Mut_8","pytutils.path","1615361994028570664","144","121455099537","0.25","10","240","0","0","10","240","","False",""
"Init_Reuse_0.0_Mut_0","pytutils.excs","1615360658342756446","183","121921866890","0.16666666666666666","6","127","0","0","6","127","","",""
"Init_Reuse_0.5_Mut_8","pytutils.iters","1615361755022619216","180","121633311492","0.26666666666666666","10","107","7","51","3","56","","False",""
"Init_Reuse_0.7_Mut_8","pytutils.lazy.lazy_import","1615361848592570274","132","121506321722","0.4224137931034483","15","119","14","117","1","2","","False",""
"Init_Reuse_0.9_Mut_8","pytutils.timers","1615361975887864977","0","6115431303","1.0","8","84","6","62","2","22","","False",""
"Init_Reuse_0.7_Mut_8","pytutils.sets","1615361843105012311","177","121706680524","0.6666666666666666","8","90","8","90","0","0","","False",""
"Init_Reuse_0.9_Mut_0","pytutils.path","1615361099891482520","281","121154319176","0.25","2","41","0","0","2","41","","False",""
"Init_Reuse_0.3_Mut_4","pytutils.trees","1615361199675978181","280","121942498902","0.75","3","36","3","36","0","0","","False",""
"Init_Reuse_0.5_Mut_0","pytutils.log","1615360851797128399","170","121674381771","0.7941176470588235","9","63","9","63","0","0","","False",""
"Init_Reuse_0.5_Mut_4","pytutils.pythree","1615361347643284903","216","121433440253","0.42857142857142855","10","57","10","57","0","0","","False",""
"Init_Reuse_0.5_Mut_8","pytutils.sets","1615361772775196610","182","121526442175","0.6666666666666666","8","78","8","78","0","0","","False",""
"Init_Reuse_0.7_Mut_8","pytutils.iters","1615361857426079928","194","125662936424","0.26666666666666666","9","104","7","86","2","18","","False",""
"Init_Reuse_0.9_Mut_0","pytutils.urls","1615361093015976422","217","121472731909","0.75","8","41","8","41","0","0","","False",""
"Init_Reuse_0.5_Mut_0","pytutils.trees","1615360879612922955","165","121736475278","0.75","10","97","9","95","1","2","","False",""
"Init_Reuse_0.3_Mut_4","pytutils.lazy.simple_import","1615361229995866467","188","121263756584","0.6","8","139","0","0","8","139","","False",""
"Init_Reuse_0.3_Mut_8","pytutils.debug","1615361642185507507","0","6742801786","1.0","5","85","0","0","5","85","","False",""
"Init_Reuse_0.9_Mut_8","pytutils.tlds","1615361965660342812","13","11911540981","1.0","9","51","9","51","0","0","","False",""
"Init_Reuse_0.9_Mut_8","pytutils.meth","1615361991607544739","0","5487019293","1.0","9","40","9","40","0","0","","False",""
"Init_Reuse_0.3_Mut_0","pytutils.timers","1615360788810237297","0","6768951254","1.0","9","91","5","66","4","25","","False",""
"Init_Reuse_0.5_Mut_0","pytutils.pythree","1615360897881013254","229","122418975831","0.42857142857142855","9","57","9","57","0","0","","False",""
"Init_Reuse_0.3_Mut_4","pytutils.env","1615361200430812177","213","122343541414","0.5","8","92","7","80","1","12","","False",""
"Init_Reuse_0.5_Mut_4","pytutils.tlds","1615361343483829822","4","7048900674","1.0","6","37","6","37","0","0","","False",""
"Init_Reuse_0.7_Mut_8","pytutils.pretty","1615361868872400665","175","121537216845","0.6470588235294118","6","33","6","33","0","0","","False",""
"Init_Reuse_0.9_Mut_4","pytutils.path","1615361547381493988","226","122889178338","0.25","6","81","0","0","6","81","","False",""
"Init_Reuse_0.7_Mut_4","pytutils.python","1615361409054846514","145","122954281168","0.3","8","203","0","0","8","203","","False",""
"Init_Reuse_0.3_Mut_4","pytutils.python","1615361183685342192","165","121699760238","0.3","7","125","0","0","7","125","","False",""
"Init_Reuse_0.5_Mut_0","pytutils.excs","1615360893025922031","180","121904532091","0.16666666666666666","8","148","0","0","8","148","","False",""
"Init_Reuse_0.5_Mut_4","pytutils.trees","1615361311540754092","188","121345685009","0.75","9","86","9","86","0","0","","False",""
"Init_Reuse_0.7_Mut_8","pytutils.pythree","1615361858600898291","217","121087412078","0.42857142857142855","10","54","10","54","0","0","","False",""
"Init_Reuse_0.9_Mut_4","pytutils.log","1615361530792733618","201","122038464521","0.7647058823529411","9","56","9","56","0","0","","False",""
"Init_Reuse_0.3_Mut_0","pytutils.lazy.simple_import","1615360776633041336","155","122397796696","0.6","10","221","0","0","10","221","","False",""
"Init_Reuse_0.7_Mut_0","pytutils.pythree","1615360998419767021","254","121396608817","0.42857142857142855","5","32","5","32","0","0","","False",""
"Init_Reuse_0.0_Mut_0","pytutils.log","1615360652552900410","192","122281377408","0.7941176470588235","9","54","9","54","0","0","","",""
"Init_Reuse_0.9_Mut_4","pytutils.lazy.lazy_regex","1615361511289616662","232","121371366964","0.6041666666666666","8","70","8","70","0","0","","False",""
"Init_Reuse_0.0_Mut_0","pytutils.env","1615360653472344269","270","121497808627","0.5","5","36","5","36","0","0","","",""
"Init_Reuse_0.3_Mut_4","pytutils.mappings","1615361200442788181","124","123416624655","0.664","17","241","14","203","3","38","","False",""
"Init_Reuse_0.5_Mut_4","pytutils.props","1615361343326980449","175","121778576357","0.6470588235294118","8","61","7","58","1","3","","False",""
"Init_Reuse_0.5_Mut_4","pytutils.python","1615361312830925875","244","121200838505","0.3","2","32","0","0","2","32","","False",""
"Init_Reuse_0.0_Mut_0","pytutils.pythree","1615360658209886974","195","121407893500","0.42857142857142855","10","52","10","52","0","0","","",""
"Init_Reuse_0.5_Mut_8","pytutils.env","1615361754939647508","265","121254676313","0.5","4","47","4","47","0","0","","False",""
"Init_Reuse_0.9_Mut_0","pytutils.rand","1615361104777108336","0","4542446768","1.0","7","24","7","24","0","0","","False",""
"Init_Reuse_0.0_Mut_0","pytutils.lazy.lazy_import","1615360652552201247","183","122373715364","0.43103448275862066","11","95","10","84","1","11","","",""
"Init_Reuse_0.5_Mut_8","pytutils.log","1615361748421478831","194","121663686572","0.7941176470588235","10","67","10","67","0","0","","False",""
"Init_Reuse_0.5_Mut_0","pytutils.lazy.simple_import","1615360854400910867","146","121719689462","0.6","10","243","0","0","10","243","","False",""
"Init_Reuse_0.9_Mut_8","pytutils.urls","1615361994321348254","298","121216474681","0.75","4","26","4","26","0","0","","False",""
"Init_Reuse_0.7_Mut_8","pytutils.mappings","1615361866586263102","107","122481023394","0.608","21","274","19","245","2","29","","False",""
"Init_Reuse_0.3_Mut_4","pytutils.lazy.lazy_import","1615361230341856892","139","121703183810","0.4224137931034483","14","108","13","94","1","14","","False",""
"Init_Reuse_0.5_Mut_0","pytutils.memo","1615360854428217935","215","121561254200","0.25","9","35","9","35","0","0","","False",""
"Init_Reuse_0.9_Mut_8","pytutils.excs","1615361985369174777","184","121865683871","0.16666666666666666","9","193","0","0","9","193","","False",""
"Init_Reuse_0.9_Mut_8","pytutils.pythree","1615361975687287212","257","121277623880","0.42857142857142855","7","50","7","50","0","0","","False",""
"Init_Reuse_0.9_Mut_0","pytutils.iters","1615361135589299059","433","121336934293","0.26666666666666666","2","10","2","10","0","0","","False",""
"Init_Reuse_0.7_Mut_8","pytutils.log","1615361866612514706","171","121339882923","0.7647058823529411","10","59","10","59","0","0","","False",""
"Init_Reuse_0.5_Mut_4","pytutils.timers","1615361343541152147","1","6865666633","1.0","9","102","4","36","5","66","","False",""
"Init_Reuse_0.5_Mut_0","pytutils.env","1615360855155285031","279","121687947483","0.5","7","50","6","40","1","10","","False",""
"Init_Reuse_0.3_Mut_4","pytutils.lazy.lazy_regex","1615361200642841861","207","121662927437","0.6041666666666666","9","61","9","61","0","0","","False",""
"Init_Reuse_0.9_Mut_8","pytutils.trees","1615361969279781655","203","121149384562","0.75","9","76","9","76","0","0","","False",""
"Init_Reuse_0.3_Mut_4","pytutils.timers","1615361217852683225","0","7284638868","1.0","10","127","6","75","4","52","","False",""
"Init_Reuse_0.3_Mut_8","pytutils.iters","1615361655748539493","365","121036546396","0.26666666666666666","2","27","2","27","0","0","","False",""
"Init_Reuse_0.7_Mut_8","pytutils.debug","1615361877938794946","0","8319045165","1.0","5","107","0","0","5","107","","False",""
"Init_Reuse_0.9_Mut_0","pytutils.lazy.lazy_import","1615361103026382582","143","122699128793","0.4224137931034483","12","122","12","122","0","0","","False",""
"Init_Reuse_0.7_Mut_0","pytutils.env","1615361003329058288","252","121932098594","0.5","6","64","6","64","0","0","","False",""
"Init_Reuse_0.5_Mut_0","pytutils.path","1615360868066858422","170","121921030746","0.25","4","121","0","0","4","121","","False",""
"Init_Reuse_0.3_Mut_8","pytutils.mappings","1615361655735920333","95","122681810538","0.56","18","272","18","272","0","0","","False",""
"Init_Reuse_0.9_Mut_0","pytutils.log","1615361114906880562","254","125542529239","0.7647058823529411","8","50","7","48","1","2","","False",""
"Init_Reuse_0.3_Mut_0","pytutils.python","1615360759930891896","158","122677415167","0.3","8","160","0","0","8","160","","False",""
"Init_Reuse_0.9_Mut_8","pytutils.log","1615361969149922499","224","121495727815","0.7941176470588235","10","60","9","51","1","9","","False",""
"Init_Reuse_0.5_Mut_0","pytutils.meth","1615360854975928949","0","5448832975","1.0","1","4","1","4","0","0","","False",""
"Init_Reuse_0.5_Mut_8","pytutils.excs","1615361762821617190","182","122023488069","0.16666666666666666","8","156","0","0","8","156","","False",""
"Init_Reuse_0.7_Mut_4","pytutils.memo","1615361434371347448","296","121439987983","0.25","6","29","6","29","0","0","","False",""
"Init_Reuse_0.9_Mut_0","pytutils.pretty","1615361100571270638","182","121317630479","0.6470588235294118","8","47","8","47","0","0","","False",""
"Init_Reuse_0.5_Mut_8","pytutils.tlds","1615361762223483238","24","14693472858","1.0","7","43","7","43","0","0","","False",""
"Init_Reuse_0.7_Mut_4","pytutils.pretty","1615361435044894677","263","121257184368","0.6470588235294118","5","26","5","26","0","0","","False",""
"Init_Reuse_0.7_Mut_0","pytutils.meth","1615361003327132923","0","6170766308","1.0","1","5","1","5","0","0","","False",""
"Init_Reuse_0.3_Mut_0","pytutils.memo","1615360764239109172","207","121320718838","0.25","9","48","9","48","0","0","","False",""
"Init_Reuse_0.3_Mut_8","pytutils.timers","1615361642391357448","0","6076608701","1.0","7","103","3","47","4","56","","False",""
"Init_Reuse_0.5_Mut_4","pytutils.mappings","1615361305616352038","110","123319945422","0.632","17","304","16","294","1","10","","False",""
"Init_Reuse_0.7_Mut_0","pytutils.log","1615360979307332357","212","121372325958","0.7941176470588235","10","85","10","85","0","0","","False",""
"Init_Reuse_0.7_Mut_4","pytutils.urls","1615361409186313916","398","121067827857","0.75","3","14","3","14","0","0","","False",""
"Init_Reuse_0.7_Mut_0","pytutils.sets","1615360978400974114","202","121246054601","0.6666666666666666","6","45","6","45","0","0","","False",""
"Init_Reuse_0.7_Mut_4","pytutils.mappings","1615361436604884527","110","122960344344","0.592","21","304","20","292","1","12","","False",""
"Init_Reuse_0.9_Mut_0","pytutils.timers","1615361099215757156","0","6637142209","1.0","9","117","7","97","2","20","","False",""
"Init_Reuse_0.9_Mut_4","pytutils.excs","1615361556008932778","191","121923348280","0.16666666666666666","5","122","0","0","5","122","","False",""
"Init_Reuse_0.3_Mut_8","pytutils.memo","1615361642622599536","176","121352405554","0.25","10","48","10","48","0","0","","False",""
"Init_Reuse_0.5_Mut_4","pytutils.urls","1615361329048734997","238","121351097226","0.75","8","41","8","41","0","0","","False",""
"Init_Reuse_0.7_Mut_4","pytutils.trees","1615361434587706161","169","122026616176","0.75","10","85","10","85","0","0","","False",""
"Init_Reuse_0.5_Mut_8","pytutils.python","1615361744192640228","128","122615921231","0.3","5","137","0","0","5","137","","False",""
"Init_Reuse_0.3_Mut_0","pytutils.env","1615360769660409517","280","121215589332","0.5","8","50","7","47","1","3","","False",""
"Init_Reuse_0.3_Mut_0","pytutils.lazy.lazy_regex","1615360762732432571","235","121549636727","0.6041666666666666","10","69","9","65","1","4","","False",""
"Init_Reuse_0.9_Mut_0","pytutils.pythree","1615361099037629622","259","121337509961","0.42857142857142855","9","53","9","53","0","0","","False",""
"Init_Reuse_0.9_Mut_4","pytutils.memo","1615361523948965092","258","121444519858","0.25","6","39","6","39","0","0","","False",""
"Init_Reuse_0.5_Mut_4","pytutils.env","1615361295561263932","235","121601375027","0.5","10","73","8","61","2","12","","False",""
"Init_Reuse_0.9_Mut_4","pytutils.debug","1615361531435086765","0","7743533071","1.0","6","129","0","0","6","129","","False",""
"Init_Reuse_0.0_Mut_0","pytutils.timers","1615360658210645156","0","6230778210","1.0","5","68","2","13","3","55","","",""
"Init_Reuse_0.7_Mut_8","pytutils.trees","1615361843360429318","224","121382634787","0.75","8","76","8","76","0","0","","False",""
"Init_Reuse_0.9_Mut_0","pytutils.meth","1615361133881607284","0","5776063932","1.0","9","45","9","45","0","0","","False",""
"Init_Reuse_0.5_Mut_0","pytutils.rand","1615360855145699938","0","5951947334","1.0","10","28","10","28","0","0","","False",""
"Init_Reuse_0.3_Mut_4","pytutils.sets","1615361200648699887","167","121528700252","0.6666666666666666","6","60","6","60","0","0","","False",""
"Init_Reuse_0.7_Mut_8","pytutils.rand","1615361858468845342","0","4421273600","1.0","5","15","5","15","0","0","","False",""
"Init_Reuse_0.9_Mut_0","pytutils.python","1615361077969845736","126","122205014761","0.3","5","134","0","0","5","134","","False",""
"Init_Reuse_0.3_Mut_4","pytutils.memo","1615361200509159687","189","121697126379","0.25","9","57","9","57","0","0","","False",""
"Init_Reuse_0.5_Mut_0","pytutils.sets","1615360871733287925","169","121727864196","0.6666666666666666","9","60","9","60","0","0","","False",""
"Init_Reuse_0.9_Mut_8","pytutils.props","1615361984858584833","246","121051200653","0.6470588235294118","8","76","8","76","0","0","","False",""
"Init_Reuse_0.0_Mut_0","pytutils.lazy.simple_import","1615360658187521297","165","122094403713","0.6","7","165","0","0","7","165","","",""
"Init_Reuse_0.5_Mut_8","pytutils.mappings","1615361752495254805","88","122996800480","0.592","18","247","17","211","1","36","","False",""
"Init_Reuse_0.5_Mut_0","pytutils.lazy.lazy_import","1615360853397987130","135","121876881137","0.4396551724137931","12","102","12","102","0","0","","False",""
"Init_Reuse_0.9_Mut_8","pytutils.debug","1615361978792763623","0","8989082335","1.0","7","134","0","0","7","134","","False",""
"Init_Reuse_0.9_Mut_8","pytutils.python","1615361978792928485","114","123181719798","0.3","10","281","0","0","10","281","","False",""
"Init_Reuse_0.5_Mut_8","pytutils.rand","1615361750678964100","0","4370918806","1.0","1","2","1","2","0","0","","False",""
"Init_Reuse_0.9_Mut_0","pytutils.env","1615361104677272856","209","121444849269","0.5","8","52","7","43","1","9","","False",""
"Init_Reuse_0.7_Mut_0","pytutils.props","1615361042386555048","204","121708444342","0.6470588235294118","10","58","9","56","1","2","","False",""
"Init_Reuse_0.0_Mut_0","pytutils.rand","1615360654789205365","0","4360384942","1.0","5","12","5","12","0","0","","",""
"Init_Reuse_0.3_Mut_4","pytutils.rand","1615361201447863445","0","5475572184","1.0","7","19","7","19","0","0","","False",""
"Init_Reuse_0.5_Mut_4","pytutils.excs","1615361343326176214","193","121981369715","0.16666666666666666","7","143","0","0","7","143","","False",""
"Init_Reuse_0.7_Mut_0","pytutils.timers","1615360998480962485","0","6528251713","1.0","6","79","5","73","1","6","","False",""
"Init_Reuse_0.0_Mut_0","pytutils.mappings","1615360654694199586","112","122066414835","0.656","18","248","13","209","5","39","","",""
"Init_Reuse_0.9_Mut_4","pytutils.trees","1615361528916258204","177","121978776388","0.75","10","72","9","71","1","1","","False",""
"Init_Reuse_0.7_Mut_4","pytutils.debug","1615361409057578040","0","7840199984","1.0","7","117","0","0","7","117","","False",""
"Init_Reuse_0.3_Mut_4","pytutils.debug","1615361183260267003","0","8358278074","1.0","2","50","0","0","2","50","","False",""
"Init_Reuse_0.5_Mut_0","pytutils.props","1615360908423496122","192","121259402362","0.6470588235294118","7","57","7","57","0","0","","False",""
"Init_Reuse_0.5_Mut_4","pytutils.lazy.lazy_regex","1615361311782867718","156","121558615804","0.6041666666666666","14","148","14","148","0","0","","False",""
"Init_Reuse_0.7_Mut_8","pytutils.timers","1615361873499148056","0","7057247497","1.0","5","59","2","16","3","43","","False",""
"Init_Reuse_0.9_Mut_4","pytutils.mappings","1615361531496050354","93","122631847794","0.608","19","234","18","222","1","12","","False",""
"Init_Reuse_0.3_Mut_0","pytutils.pretty","1615360777223179601","151","122264985503","0.6470588235294118","10","60","10","60","0","0","","False",""
"Init_Reuse_0.3_Mut_0","pytutils.pythree","1615360788636924272","219","121177328797","0.42857142857142855","10","66","10","66","0","0","","False",""
"Init_Reuse_0.3_Mut_4","pytutils.iters","1615361194416784755","214","122048710184","0.26666666666666666","7","55","5","49","2","6","","False",""
"Init_Reuse_0.5_Mut_4","pytutils.pretty","1615361334531981955","169","121587216154","0.6470588235294118","10","58","10","58","0","0","","False",""
"Init_Reuse_0.7_Mut_8","pytutils.lazy.simple_import","1615361849467629648","485","121103486218","0.6","1","2","0","0","1","2","","False",""
"Init_Reuse_0.9_Mut_4","pytutils.files","1615361547383953194","169","123352368320","0.2413793103448276","10","126","10","126","0","0","","False",""
"Init_Reuse_0.3_Mut_0","pytutils.sets","1615360760811208409","184","121146643509","0.6666666666666666","6","43","6","43","0","0","","False",""
"Init_Reuse_0.9_Mut_4","pytutils.sets","1615361512747239275","148","121264896062","0.6666666666666666","9","95","9","95","0","0","","False",""
"Init_Reuse_0.3_Mut_8","pytutils.props","1615361638027951187","227","121117893633","0.6470588235294118","7","48","7","48","0","0","","False",""
"Init_Reuse_0.5_Mut_4","pytutils.rand","1615361305542792511","0","4553906828","1.0","3","7","3","7","0","0","","False",""
"Init_Reuse_0.9_Mut_4","pytutils.urls","1615361528774686078","435","121024042687","0.75","2","12","2","12","0","0","","False",""
"Init_Reuse_0.9_Mut_4","pytutils.props","1615361541806915878","266","121617444221","0.6470588235294118","5","42","5","42","0","0","","False",""
"Init_Reuse_0.3_Mut_8","pytutils.lazy.lazy_import","1615361642276835108","138","121940962187","0.4224137931034483","12","86","12","86","0","0","","False",""
"Init_Reuse_0.5_Mut_4","pytutils.debug","1615361315323216839","0","7400187044","1.0","3","60","0","0","3","60","","False",""
"Init_Reuse_0.7_Mut_4","pytutils.log","1615361436602473269","179","121519454565","0.7647058823529411","10","61","10","61","0","0","","False",""
"Init_Reuse_0.3_Mut_0","pytutils.iters","1615360769937132585","395","121053869041","0.26666666666666666","2","13","2","13","0","0","","False",""
"Init_Reuse_0.9_Mut_4","pytutils.pythree","1615361548626335616","231","121323782943","0.42857142857142855","7","40","7","40","0","0","","False",""
"Init_Reuse_0.7_Mut_0","pytutils.lazy.lazy_regex","1615360977539956100","192","121479693752","0.6041666666666666","11","100","11","100","0","0","","False",""
"Init_Reuse_0.7_Mut_4","pytutils.rand","1615361401937098665","0","4380903780","1.0","6","26","6","26","0","0","","False",""
"Init_Reuse_0.0_Mut_0","pytutils.python","1615360659366248290","181","122543673525","0.3","2","57","0","0","2","57","","",""
"Init_Reuse_0.3_Mut_0","pytutils.lazy.lazy_import","1615360764030320718","122","122171515350","0.4224137931034483","13","97","13","97","0","0","","False",""
"Init_Reuse_0.3_Mut_8","pytutils.pythree","1615361635752832223","255","121507233529","0.42857142857142855","7","42","7","42","0","0","","False",""
"Init_Reuse_0.5_Mut_4","pytutils.log","1615361306371633286","167","121747538648","0.7941176470588235","11","60","11","60","0","0","","False",""
"Init_Reuse_0.9_Mut_4","pytutils.python","1615361531289003093","198","121685858018","0.3","5","96","0","0","5","96","","False",""
"Init_Reuse_0.7_Mut_0","pytutils.trees","1615360976832751025","175","121838945610","0.75","9","80","9","80","0","0","","False",""
"Init_Reuse_0.7_Mut_4","pytutils.path","1615361409185673303","285","121488168482","0.25","1","26","0","0","1","26","","False",""
"Init_Reuse_0.9_Mut_0","pytutils.tlds","1615361101132733605","105","57370610052","1.0","8","49","8","49","0","0","","False",""
"Init_Reuse_0.5_Mut_8","pytutils.pretty","1615361763376994262","174","121490098372","0.6470588235294118","7","38","7","38","0","0","","False",""
"Init_Reuse_0.7_Mut_4","pytutils.lazy.simple_import","1615361422631675973","204","121519392644","0.6","4","105","0","0","4","105","","False",""
"Init_Reuse_0.7_Mut_0","pytutils.files","1615361005347565705","174","122383517236","0.3103448275862069","8","104","7","94","1","10","","False",""
"Init_Reuse_0.5_Mut_0","pytutils.iters","1615360855130816392","178","122464313034","0.26666666666666666","10","105","8","78","2","27","","False",""
"Init_Reuse_0.5_Mut_8","pytutils.props","1615361763196685228","204","121472721871","0.6470588235294118","9","66","9","66","0","0","","False",""
"Init_Reuse_0.7_Mut_4","pytutils.lazy.lazy_import","1615361422845785098","144","122296416731","0.4224137931034483","13","102","13","102","0","0","","False",""
"Init_Reuse_0.3_Mut_8","pytutils.rand","1615361653285184089","0","4703769163","1.0","7","16","6","14","1","2","","False",""
"Init_Reuse_0.5_Mut_0","pytutils.files","1615360870731438553","167","121435243670","0.3103448275862069","11","110","11","110","0","0","","False",""
"Init_Reuse_0.9_Mut_0","pytutils.mappings","1615361105297343571","109","122005424771","0.64","20","273","18","231","2","42","","False",""
"Init_Reuse_0.3_Mut_0","pytutils.debug","1615360760029406302","0","7822052873","1.0","9","150","0","0","9","150","","False",""
"Init_Reuse_0.9_Mut_8","pytutils.mappings","1615361999859000085","108","122194209174","0.6","18","243","13","185","5","58","","False",""
"Init_Reuse_0.9_Mut_8","pytutils.lazy.lazy_regex","1615361964010607618","204","121635619429","0.6041666666666666","9","66","8","65","1","1","","False",""
"Init_Reuse_0.3_Mut_8","pytutils.env","1615361655735913177","267","121189714956","0.5","7","50","7","50","0","0","","False",""
"Init_Reuse_0.3_Mut_4","pytutils.pythree","1615361222403226980","279","121350075463","0.42857142857142855","3","18","3","18","0","0","","False",""
"Init_Reuse_0.9_Mut_0","pytutils.lazy.simple_import","1615361101104283651","240","121393500565","0.6","4","81","0","0","4","81","","False",""
"Init_Reuse_0.7_Mut_8","pytutils.python","1615361877939052523","166","123880531190","0.3","7","149","0","0","7","149","","False",""
"Init_Reuse_0.7_Mut_0","pytutils.iters","1615361005331437111","212","122111083496","0.26666666666666666","8","85","6","60","2","25","","False",""
