"ConfigurationId","TargetModule","RandomSeed","AlgorithmIterations","TotalTime","Coverage","Size","Length","FailingSize","FailingLength","PassingSize","PassingLength","CollectedTestCases","SuitableTestModule","FoundTestCases"
"Init_Reuse_0.7_Mut_4","pytutils.lazy.lazy_regex","1615366544064071403","162","121393087516","0.6041666666666666","11","98","10","94","1","4","","False",""
"Init_Reuse_0.3_Mut_8","pytutils.sets","1615366768061509939","192","121218050611","0.6666666666666666","8","67","8","67","0","0","","False",""
"Init_Reuse_0.5_Mut_0","pytutils.meth","1615365972057915068","0","4909334539","1.0","4","20","4","20","0","0","","False",""
"Init_Reuse_0.9_Mut_0","pytutils.pretty","1615366227757989880","125","122785074505","0.6470588235294118","5","28","5","28","0","0","","False",""
"Init_Reuse_0.9_Mut_8","pytutils.lazy.lazy_import","1615367127109604379","116","122146626743","0.4224137931034483","12","103","12","103","0","0","","False",""
"Init_Reuse_0.7_Mut_0","pytutils.meth","1615366108541757655","0","10412054765","1.0","7","41","7","41","0","0","","False",""
"Init_Reuse_0.7_Mut_4","pytutils.excs","1615366532099376004","178","122264384317","0.16666666666666666","7","141","0","0","7","141","","False",""
"Init_Reuse_0.5_Mut_8","pytutils.lazy.simple_import","1615366890230386921","162","122183232970","0.6","9","210","0","0","9","210","","False",""
"Init_Reuse_0.7_Mut_8","pytutils.meth","1615367002317573688","0","5841273219","1.0","7","35","7","35","0","0","","False",""
"Init_Reuse_0.9_Mut_8","pytutils.sets","1615367101859819134","175","121257872768","0.6666666666666666","9","81","9","81","0","0","","False",""
"Init_Reuse_0.9_Mut_0","pytutils.lazy.lazy_import","1615366197165110166","132","122548779924","0.4224137931034483","15","120","15","120","0","0","","False",""
"Init_Reuse_0.3_Mut_4","pytutils.timers","1615366324916727308","0","5995433133","1.0","9","101","7","69","2","32","","False",""
"Init_Reuse_0.7_Mut_0","pytutils.env","1615366107037800819","168","121993674653","0.5","9","93","9","93","0","0","","False",""
"Init_Reuse_0.7_Mut_8","pytutils.path","1615366983109303251","142","121691987630","0.25","7","180","0","0","7","180","","False",""
"Init_Reuse_0.3_Mut_8","pytutils.files","1615366759889127281","171","121525429950","0.2413793103448276","8","93","6","76","2","17","","False",""
"Init_Reuse_0.5_Mut_8","pytutils.timers","1615366900831345028","0","8513735582","1.0","10","127","7","71","3","56","","False",""
"Init_Reuse_0.3_Mut_0","pytutils.python","1615365887616724526","108","123504156586","0.3","10","260","0","0","10","260","","False",""
"Init_Reuse_0.3_Mut_8","pytutils.trees","1615366777859411511","214","121404725820","0.75","7","55","7","55","0","0","","False",""
"Init_Reuse_0.9_Mut_8","pytutils.rand","1615367126489553620","0","5137453862","1.0","8","27","8","27","0","0","","False",""
"Init_Reuse_0.9_Mut_0","pytutils.log","1615366175555831694","185","121663895922","0.7647058823529411","9","52","9","52","0","0","","False",""
"Init_Reuse_0.5_Mut_0","pytutils.path","1615365975340010633","183","121575817508","0.25","3","89","0","0","3","89","","False",""
"Init_Reuse_0.3_Mut_8","pytutils.lazy.simple_import","1615366764324018133","180","122168872081","0.6","8","172","0","0","8","172","","False",""
"Init_Reuse_0.5_Mut_4","pytutils.files","1615366405062022146","195","121585817275","0.2413793103448276","7","79","5","54","2","25","","False",""
"Init_Reuse_0.3_Mut_0","pytutils.env","1615365854245611842","178","121590577412","0.5","10","109","8","96","2","13","","False",""
"Init_Reuse_0.9_Mut_4","pytutils.pretty","1615366663486267346","160","121308094775","0.6470588235294118","10","57","10","57","0","0","","False",""
"Init_Reuse_0.5_Mut_8","pytutils.urls","1615366880619523196","415","120995222635","0.75","2","8","2","8","0","0","","False",""
"Init_Reuse_0.9_Mut_0","pytutils.timers","1615366205035918674","0","6380684197","1.0","3","56","3","56","0","0","","False",""
"Init_Reuse_0.9_Mut_0","pytutils.pythree","1615366204803784618","279","121232005448","0.42857142857142855","8","48","8","48","0","0","","False",""
"Init_Reuse_0.3_Mut_8","pytutils.excs","1615366757080229238","236","121733223668","0.16666666666666666","5","77","0","0","5","77","","False",""
"Init_Reuse_0.5_Mut_4","pytutils.meth","1615366402855256001","0","5538155846","1.0","9","38","9","38","0","0","","False",""
"Init_Reuse_0.3_Mut_0","pytutils.lazy.lazy_regex","1615365854446874221","175","121401922901","0.6041666666666666","10","79","10","79","0","0","","False",""
"Init_Reuse_0.9_Mut_4","pytutils.lazy.simple_import","1615366663500023315","216","121476345829","0.6","7","123","0","0","7","123","","False",""
"Init_Reuse_0.7_Mut_0","pytutils.log","1615366069868610157","187","121236081564","0.7941176470588235","10","100","9","85","1","15","","False",""
"Init_Reuse_0.7_Mut_4","pytutils.files","1615366553228653034","141","122369680067","0.2413793103448276","10","164","10","164","0","0","","False",""
"Init_Reuse_0.3_Mut_0","pytutils.memo","1615365871810274014","198","123827670260","0.25","10","49","10","49","0","0","","False",""
"Init_Reuse_0.7_Mut_4","pytutils.env","1615366515854270710","277","121269142313","0.5","4","42","4","42","0","0","","False",""
"Init_Reuse_0.5_Mut_8","pytutils.files","1615366850951995909","204","121187987970","0.3448275862068966","10","84","10","84","0","0","","False",""
"Init_Reuse_0.7_Mut_0","pytutils.sets","1615366064469476252","173","121731700228","0.6666666666666666","8","66","8","66","0","0","","False",""
"Init_Reuse_0.7_Mut_0","pytutils.pythree","1615366104082541022","317","122514924283","0.42857142857142855","5","26","5","26","0","0","","False",""
"Init_Reuse_0.0_Mut_0","pytutils.log","1615365716158651216","205","121649960156","0.7941176470588235","10","58","10","58","0","0","","",""
"Init_Reuse_0.0_Mut_0","pytutils.env","1615365710708744585","316","121230411973","0.5","5","40","5","40","0","0","","",""
"Init_Reuse_0.3_Mut_4","pytutils.mappings","1615366279356588158","105","122984977134","0.624","20","301","16","231","4","70","","False",""
"Init_Reuse_0.3_Mut_4","pytutils.env","1615366279168368942","279","121255676646","0.5","7","64","6","44","1","20","","False",""
"Init_Reuse_0.5_Mut_0","pytutils.pythree","1615365958004699041","273","121341833684","0.42857142857142855","5","30","5","30","0","0","","False",""
"Init_Reuse_0.7_Mut_8","pytutils.excs","1615367010967950012","194","122335943928","0.16666666666666666","9","155","0","0","9","155","","False",""
"Init_Reuse_0.9_Mut_4","pytutils.meth","1615366651019812502","0","5708626325","1.0","9","45","9","45","0","0","","False",""
"Init_Reuse_0.3_Mut_0","pytutils.timers","1615365877865159031","0","5810879060","1.0","4","69","3","37","1","32","","False",""
"Init_Reuse_0.5_Mut_4","pytutils.lazy.simple_import","1615366455445266520","199","121854037934","0.6","3","94","0","0","3","94","","False",""
"Init_Reuse_0.7_Mut_8","pytutils.props","1615367011000584493","217","121214109986","0.6470588235294118","9","68","9","68","0","0","","False",""
"Init_Reuse_0.9_Mut_4","pytutils.rand","1615366644988160144","0","4339029853","1.0","2","4","2","4","0","0","","False",""
"Init_Reuse_0.3_Mut_0","pytutils.lazy.simple_import","1615365871237697741","262","121119711565","0.6","3","63","0","0","3","63","","False",""
"Init_Reuse_0.5_Mut_4","pytutils.sets","1615366419167380717","231","121440372984","0.6666666666666666","4","35","4","35","0","0","","False",""
"Init_Reuse_0.5_Mut_0","pytutils.excs","1615365980131602879","198","121903705160","0.16666666666666666","9","119","0","0","9","119","","False",""
"Init_Reuse_0.3_Mut_4","pytutils.python","1615366303303778183","124","122796731487","0.3","10","265","0","0","10","265","","False",""
"Init_Reuse_0.3_Mut_8","pytutils.python","1615366771890565181","180","123071450804","0.3","6","125","0","0","6","125","","False",""
"Init_Reuse_0.7_Mut_8","pytutils.env","1615366990792156109","263","121487330469","0.5","8","59","5","42","3","17","","False",""
"Init_Reuse_0.5_Mut_8","pytutils.memo","1615366876641926120","250","121123554914","0.25","7","38","7","38","0","0","","False",""
"Init_Reuse_0.9_Mut_8","pytutils.iters","1615367126941883720","225","122656268221","0.26666666666666666","6","80","4","55","2","25","","False",""
"Init_Reuse_0.5_Mut_0","pytutils.memo","1615365953580597735","261","121488537370","0.25","6","34","6","34","0","0","","False",""
"Init_Reuse_0.3_Mut_4","pytutils.lazy.lazy_import","1615366343567314030","137","122191985815","0.4396551724137931","13","115","13","115","0","0","","False",""
"Init_Reuse_0.9_Mut_8","pytutils.pretty","1615367126910258189","256","121106899821","0.6470588235294118","5","30","5","30","0","0","","False",""
"Init_Reuse_0.3_Mut_4","pytutils.lazy.lazy_regex","1615366320159037794","202","122303900051","0.6041666666666666","10","94","10","94","0","0","","False",""
"Init_Reuse_0.5_Mut_0","pytutils.env","1615365962243350348","348","121453618013","0.5","4","24","2","20","2","4","","False",""
"Init_Reuse_0.9_Mut_0","pytutils.iters","1615366186630106624","201","121696522052","0.26666666666666666","9","93","7","62","2","31","","False",""
"Init_Reuse_0.7_Mut_8","pytutils.lazy.lazy_regex","1615366969475657140","174","121232196484","0.6041666666666666","9","103","8","86","1","17","","False",""
"Init_Reuse_0.0_Mut_0","pytutils.pythree","1615365781154724843","267","123625881119","0.42857142857142855","6","39","6","39","0","0","","",""
"Init_Reuse_0.9_Mut_0","pytutils.rand","1615366185942817589","0","5203029490","1.0","1","2","1","2","0","0","","False",""
"Init_Reuse_0.5_Mut_4","pytutils.python","1615366398646266632","172","122154641196","0.3","10","194","0","0","10","194","","False",""
"Init_Reuse_0.7_Mut_8","pytutils.memo","1615367040244391463","211","121279898560","0.25","9","42","9","42","0","0","","False",""
"Init_Reuse_0.5_Mut_8","pytutils.meth","1615366887952559943","0","7068033113","1.0","9","58","9","58","0","0","","False",""
"Init_Reuse_0.3_Mut_8","pytutils.urls","1615366760368962382","368","120929486927","0.75","3","17","3","17","0","0","","False",""
"Init_Reuse_0.5_Mut_8","pytutils.lazy.lazy_regex","1615366910401317053","223","121322089390","0.6041666666666666","10","76","8","54","2","22","","False",""
"Init_Reuse_0.7_Mut_4","pytutils.timers","1615366586386298579","0","7245045050","1.0","6","63","2","15","4","48","","False",""
"Init_Reuse_0.9_Mut_8","pytutils.files","1615367128987747129","217","121358552428","0.3103448275862069","10","89","9","75","1","14","","False",""
"Init_Reuse_0.0_Mut_0","pytutils.lazy.lazy_import","1615365716803369438","136","121954917404","0.43103448275862066","11","94","11","94","0","0","","",""
"Init_Reuse_0.5_Mut_0","pytutils.lazy.simple_import","1615365981204589738","152","122011694589","0.6","4","109","0","0","4","109","","False",""
"Init_Reuse_0.7_Mut_4","pytutils.iters","1615366528010962854","299","121306615734","0.26666666666666666","3","34","2","22","1","12","","False",""
"Init_Reuse_0.5_Mut_8","pytutils.path","1615366876230309354","213","122281276727","0.25","2","54","0","0","2","54","","False",""
"Init_Reuse_0.7_Mut_0","pytutils.lazy.lazy_regex","1615366064310775571","183","121572405487","0.6041666666666666","10","73","9","62","1","11","","False",""
"Init_Reuse_0.0_Mut_0","pytutils.python","1615365731341550586","230","121732954813","0.3","4","62","0","0","4","62","","",""
"Init_Reuse_0.7_Mut_0","pytutils.trees","1615366068037444758","175","121474486727","0.75","9","66","9","66","0","0","","False",""
"Init_Reuse_0.7_Mut_4","pytutils.meth","1615366550820732309","0","5214248006","1.0","8","41","8","41","0","0","","False",""
"Init_Reuse_0.3_Mut_0","pytutils.lazy.lazy_import","1615365870737964795","120","121817301897","0.4396551724137931","13","129","13","129","0","0","","False",""
"Init_Reuse_0.3_Mut_8","pytutils.tlds","1615366764326715774","10","10561120685","1.0","7","62","7","62","0","0","","False",""
"Init_Reuse_0.3_Mut_0","pytutils.sets","1615365852318976391","181","121125258782","0.6666666666666666","7","66","7","66","0","0","","False",""
"Init_Reuse_0.5_Mut_4","pytutils.iters","1615366403684185794","312","121060134392","0.26666666666666666","4","49","2","26","2","23","","False",""
"Init_Reuse_0.9_Mut_4","pytutils.lazy.lazy_import","1615366657666980282","155","122338741882","0.43103448275862066","12","99","12","99","0","0","","False",""
"Init_Reuse_0.3_Mut_8","pytutils.pretty","1615366764321614521","149","122279089329","0.6470588235294118","10","59","10","59","0","0","","False",""
"Init_Reuse_0.3_Mut_0","pytutils.iters","1615365853221361693","173","121387323718","0.26666666666666666","10","120","9","112","1","8","","False",""
"Init_Reuse_0.5_Mut_4","pytutils.path","1615366405548565908","206","121137047322","0.25","4","98","0","0","4","98","","False",""
"Init_Reuse_0.9_Mut_4","pytutils.tlds","1615366663499502671","241","121142471178","0.9166666666666666","9","43","8","39","1","4","","False",""
"Init_Reuse_0.5_Mut_8","pytutils.debug","1615366880939892738","0","8188977776","1.0","6","80","0","0","6","80","","False",""
"Init_Reuse_0.9_Mut_4","pytutils.timers","1615366643346480996","0","8283616412","1.0","3","52","1","12","2","40","","False",""
"Init_Reuse_0.3_Mut_0","pytutils.debug","1615365889020174081","0","9231970650","1.0","5","108","0","0","5","108","","False",""
"Init_Reuse_0.3_Mut_8","pytutils.log","1615366783187698697","190","121152534795","0.7647058823529411","10","74","9","72","1","2","","False",""
"Init_Reuse_0.9_Mut_0","pytutils.mappings","1615366175190841192","104","122003769591","0.608","18","311","13","213","5","98","","False",""
"Init_Reuse_0.9_Mut_8","pytutils.env","1615367128994191977","223","121136515248","0.5","9","84","6","54","3","30","","False",""
"Init_Reuse_0.5_Mut_0","pytutils.files","1615365975347755490","197","121426587663","0.2413793103448276","7","70","6","63","1","7","","False",""
"Init_Reuse_0.9_Mut_0","pytutils.lazy.simple_import","1615366185181072645","193","121473604191","0.6","5","123","0","0","5","123","","False",""
"Init_Reuse_0.9_Mut_8","pytutils.memo","1615367127002032410","328","121213720076","0.25","6","24","6","24","0","0","","False",""
"Init_Reuse_0.3_Mut_4","pytutils.pythree","1615366340179315945","200","121306736117","0.42857142857142855","10","66","10","66","0","0","","False",""
"Init_Reuse_0.7_Mut_0","pytutils.iters","1615366107099229355","254","122605098989","0.26666666666666666","6","72","4","38","2","34","","False",""
"Init_Reuse_0.7_Mut_4","pytutils.props","1615366532097226129","360","121103676459","0.6470588235294118","4","26","4","26","0","0","","False",""
"Init_Reuse_0.7_Mut_8","pytutils.urls","1615366983210447902","207","121066496717","0.75","10","53","10","53","0","0","","False",""
"Init_Reuse_0.3_Mut_8","pytutils.meth","1615366783547924564","0","5164219253","1.0","3","11","3","11","0","0","","False",""
"Init_Reuse_0.9_Mut_8","pytutils.lazy.simple_import","1615367127001469192","159","121650458877","0.6","8","201","0","0","8","201","","False",""
"Init_Reuse_0.9_Mut_0","pytutils.tlds","1615366229261959652","13","15493726816","1.0","3","20","3","20","0","0","","False",""
"Init_Reuse_0.7_Mut_0","pytutils.files","1615366109396876950","245","121275778259","0.2413793103448276","4","40","4","40","0","0","","False",""
"Init_Reuse_0.7_Mut_4","pytutils.tlds","1615366527846958325","245","121110587466","0.9166666666666666","7","48","7","48","0","0","","False",""
"Init_Reuse_0.5_Mut_8","pytutils.lazy.lazy_import","1615366898669093262","131","121648605467","0.4224137931034483","13","121","13","121","0","0","","False",""
"Init_Reuse_0.7_Mut_8","pytutils.files","1615366975634620961","243","121051071572","0.2413793103448276","4","38","4","38","0","0","","False",""
"Init_Reuse_0.7_Mut_4","pytutils.sets","1615366553129625273","207","122378798640","0.6666666666666666","9","83","9","83","0","0","","False",""
"Init_Reuse_0.5_Mut_8","pytutils.pythree","1615366891823718454","330","122561131486","0.42857142857142855","3","17","3","17","0","0","","False",""
"Init_Reuse_0.3_Mut_8","pytutils.lazy.lazy_regex","1615366768467623996","169","121429742311","0.6041666666666666","10","94","9","87","1","7","","False",""
"Init_Reuse_0.5_Mut_0","pytutils.iters","1615365975347805651","232","121379523669","0.26666666666666666","5","70","3","30","2","40","","False",""
"Init_Reuse_0.3_Mut_8","pytutils.path","1615366760125223056","215","121263844040","0.25","4","76","0","0","4","76","","False",""
"Init_Reuse_0.5_Mut_8","pytutils.trees","1615366912396986014","192","121502721741","0.75","8","66","8","66","0","0","","False",""
"Init_Reuse_0.7_Mut_4","pytutils.pythree","1615366531439293248","279","121265655646","0.42857142857142855","5","25","5","25","0","0","","False",""
"Init_Reuse_0.0_Mut_0","pytutils.lazy.simple_import","1615365763468878955","261","123611828139","0.6","5","71","0","0","5","71","","",""
"Init_Reuse_0.9_Mut_8","pytutils.path","1615367128735774119","154","122347359186","0.25","10","212","0","0","10","212","","False",""
"Init_Reuse_0.5_Mut_0","pytutils.lazy.lazy_import","1615365981259262777","150","122521806184","0.4224137931034483","13","105","12","101","1","4","","False",""
"Init_Reuse_0.9_Mut_0","pytutils.env","1615366187238009776","201","121985597726","0.5","10","90","9","86","1","4","","False",""
"Init_Reuse_0.7_Mut_8","pytutils.lazy.lazy_import","1615367039694481578","138","122224402211","0.4224137931034483","12","107","11","97","1","10","","False",""
"Init_Reuse_0.5_Mut_8","pytutils.iters","1615366888423602149","241","121562743568","0.26666666666666666","10","98","6","66","4","32","","False",""
"Init_Reuse_0.0_Mut_0","pytutils.timers","1615365778556528734","0","7322925977","1.0","10","151","6","52","4","99","","",""
"Init_Reuse_0.3_Mut_4","pytutils.sets","1615366325436135493","142","122091614863","0.6666666666666666","8","74","7","64","1","10","","False",""
"Init_Reuse_0.5_Mut_0","pytutils.rand","1615365962080684547","0","5111469703","1.0","3","9","3","9","0","0","","False",""
"Init_Reuse_0.9_Mut_8","pytutils.timers","1615367100714946695","0","7065713968","1.0","10","152","7","84","3","68","","False",""
"Init_Reuse_0.9_Mut_0","pytutils.meth","1615366190358400292","0","6587814951","1.0","7","31","7","31","0","0","","False",""
"Init_Reuse_0.5_Mut_4","pytutils.pythree","1615366439657642865","291","121650554056","0.42857142857142855","5","26","5","26","0","0","","False",""
"Init_Reuse_0.7_Mut_8","pytutils.sets","1615367028445930621","158","121611671366","0.6666666666666666","8","84","8","84","0","0","","False",""
"Init_Reuse_0.3_Mut_8","pytutils.debug","1615366741122871339","0","9214700249","1.0","7","137","0","0","7","137","","False",""
"Init_Reuse_0.7_Mut_8","pytutils.iters","1615367002360514451","288","121656776420","0.26666666666666666","4","46","2","37","2","9","","False",""
"Init_Reuse_0.5_Mut_8","pytutils.sets","1615366876724589047","144","121260699808","0.6666666666666666","9","118","9","118","0","0","","False",""
"Init_Reuse_0.9_Mut_8","pytutils.meth","1615367121839517766","0","5052014049","1.0","4","18","4","18","0","0","","False",""
"Init_Reuse_0.5_Mut_0","pytutils.sets","1615365953385584968","158","121150098564","0.6666666666666666","10","102","10","102","0","0","","False",""
"Init_Reuse_0.3_Mut_4","pytutils.memo","1615366325451841769","207","122074059603","0.25","9","51","9","51","0","0","","False",""
"Init_Reuse_0.9_Mut_8","pytutils.tlds","1615367096719826274","11","11705822516","1.0","10","57","9","54","1","3","","False",""
"Init_Reuse_0.9_Mut_0","pytutils.python","1615366177729097564","317","123273018317","0.3","3","23","0","0","3","23","","False",""
"Init_Reuse_0.9_Mut_4","pytutils.env","1615366643056287221","234","121092719073","0.5","4","35","4","35","0","0","","False",""
"Init_Reuse_0.5_Mut_4","pytutils.memo","1615366390941000919","358","121198617871","0.25","5","31","5","31","0","0","","False",""
"Init_Reuse_0.3_Mut_0","pytutils.pretty","1615365852763636540","218","121657999210","0.6470588235294118","6","32","6","32","0","0","","False",""
"Init_Reuse_0.5_Mut_0","pytutils.props","1615365976169173490","265","121060367207","0.6470588235294118","4","27","4","27","0","0","","False",""
"Init_Reuse_0.3_Mut_4","pytutils.debug","1615366302766119227","0","8010649404","1.0","10","191","0","0","10","191","","False",""
"Init_Reuse_0.3_Mut_4","pytutils.iters","1615366302216653557","300","121059462572","0.26666666666666666","2","30","1","26","1","4","","False",""
"Init_Reuse_0.7_Mut_8","pytutils.tlds","1615367010342189416","236","121341961138","0.9166666666666666","9","58","9","58","0","0","","False",""
"Init_Reuse_0.9_Mut_4","pytutils.iters","1615366644981065672","176","121443388108","0.26666666666666666","8","60","7","53","1","7","","False",""
"Init_Reuse_0.5_Mut_4","pytutils.lazy.lazy_import","1615366426112773775","159","121896440619","0.43103448275862066","12","99","12","99","0","0","","False",""
"Init_Reuse_0.3_Mut_0","pytutils.pythree","1615365877964067185","231","121300075592","0.42857142857142855","7","35","7","35","0","0","","False",""
"Init_Reuse_0.7_Mut_0","pytutils.props","1615366099726326752","243","125640869892","0.6470588235294118","7","45","7","45","0","0","","False",""
"Init_Reuse_0.0_Mut_0","pytutils.rand","1615365716525080835","0","4551655292","1.0","1","2","1","2","0","0","","",""
"Init_Reuse_0.3_Mut_4","pytutils.rand","1615366278815567835","0","4215486694","1.0","10","26","10","26","0","0","","False",""
"Init_Reuse_0.7_Mut_0","pytutils.timers","1615366076424058779","0","6564191567","1.0","8","114","6","78","2","36","","False",""
"Init_Reuse_0.0_Mut_0","pytutils.mappings","1615365716978882954","104","121848471930","0.648","17","272","15","223","2","49","","",""
"Init_Reuse_0.0_Mut_0","pytutils.props","1615365781140789071","207","123791679426","0.6470588235294118","10","81","10","81","0","0","","",""
"Init_Reuse_0.5_Mut_8","pytutils.env","1615366888428966243","303","121318050397","0.5","4","33","4","33","0","0","","False",""
"Init_Reuse_0.5_Mut_8","pytutils.log","1615366912319366628","214","121703995647","0.7941176470588235","10","68","10","68","0","0","","False",""
"Init_Reuse_0.9_Mut_8","pytutils.urls","1615367072493671681","328","120951560814","0.75","4","21","4","21","0","0","","False",""
"Init_Reuse_0.0_Mut_0","pytutils.pretty","1615365781144146591","197","123692400718","0.6470588235294118","8","43","8","43","0","0","","",""
"Init_Reuse_0.3_Mut_4","pytutils.excs","1615366339063089921","170","123012949306","0.16666666666666666","7","156","0","0","7","156","","False",""
"Init_Reuse_0.7_Mut_8","pytutils.mappings","1615366990122144270","94","122996891962","0.576","19","301","18","273","1","28","","False",""
"Init_Reuse_0.3_Mut_4","pytutils.pretty","1615366343567621008","168","121186536042","0.6470588235294118","10","52","10","52","0","0","","False",""
"Init_Reuse_0.5_Mut_0","pytutils.lazy.lazy_regex","1615365948776035460","257","121216279637","0.6041666666666666","7","42","6","37","1","5","","False",""
"Init_Reuse_0.9_Mut_0","pytutils.debug","1615366190358180052","0","9113749852","1.0","6","119","0","0","6","119","","False",""
"Init_Reuse_0.9_Mut_8","pytutils.excs","1615367097422034757","141","122602604447","0.16666666666666666","7","193","0","0","7","193","","False",""
"Init_Reuse_0.5_Mut_0","pytutils.mappings","1615365962565267593","111","122083994706","0.552","16","239","12","188","4","51","","False",""
"Init_Reuse_0.3_Mut_4","pytutils.log","1615366279334002488","153","121452813575","0.7647058823529411","12","92","11","88","1","4","","False",""
"Init_Reuse_0.9_Mut_0","pytutils.files","1615366191587013573","170","121805792695","0.2413793103448276","9","111","8","106","1","5","","False",""
"Init_Reuse_0.9_Mut_8","pytutils.pythree","1615367102516662102","283","121069432836","0.42857142857142855","8","51","8","51","0","0","","False",""
"Init_Reuse_0.5_Mut_4","pytutils.timers","1615366439274225540","0","7678198715","1.0","10","99","7","68","3","31","","False",""
"Init_Reuse_0.7_Mut_8","pytutils.log","1615366965218925749","171","121536210954","0.7941176470588235","9","51","9","51","0","0","","False",""
"Init_Reuse_0.3_Mut_4","pytutils.meth","1615366298432138173","0","5473700571","1.0","9","49","9","49","0","0","","False",""
"Init_Reuse_0.9_Mut_4","pytutils.path","1615366661041746225","326","121126050844","0.25","4","43","0","0","4","43","","False",""
"Init_Reuse_0.7_Mut_8","pytutils.pretty","1615367007384583426","141","121699063631","0.6470588235294118","10","54","10","54","0","0","","False",""
"Init_Reuse_0.5_Mut_4","pytutils.tlds","1615366441161853295","236","122284494908","0.9166666666666666","9","62","9","62","0","0","","False",""
"Init_Reuse_0.9_Mut_4","pytutils.log","1615366644704942073","163","121722289487","0.7941176470588235","10","79","10","79","0","0","","False",""
"Init_Reuse_0.7_Mut_8","pytutils.pythree","1615367008155662842","393","121409286530","0.42857142857142855","4","24","4","24","0","0","","False",""
"Init_Reuse_0.3_Mut_0","pytutils.tlds","1615365879658701379","340","122017446975","0.9166666666666666","4","27","4","27","0","0","","False",""
"Init_Reuse_0.5_Mut_4","pytutils.trees","1615366400617600599","189","121479427550","0.75","9","83","9","83","0","0","","False",""
"Init_Reuse_0.7_Mut_4","pytutils.python","1615366524715425072","123","124062796783","0.3","9","228","0","0","9","228","","False",""
"Init_Reuse_0.0_Mut_0","pytutils.memo","1615365713090400241","189","121376705954","0.25","10","57","10","57","0","0","","",""
"Init_Reuse_0.3_Mut_4","pytutils.urls","1615366299947615322","387","121209163053","0.75","4","21","4","21","0","0","","False",""
"Init_Reuse_0.5_Mut_0","pytutils.pretty","1615365981191908676","218","121519584282","0.6470588235294118","7","32","7","32","0","0","","False",""
"Init_Reuse_0.9_Mut_4","pytutils.lazy.lazy_regex","1615366663499543800","186","121961821095","0.6041666666666666","11","100","10","91","1","9","","False",""
"Init_Reuse_0.0_Mut_0","pytutils.lazy.lazy_regex","1615365716524827407","182","121793776495","0.6041666666666666","9","77","9","77","0","0","","",""
"Init_Reuse_0.0_Mut_0","pytutils.meth","1615365731380345071","0","6505655711","1.0","4","25","4","25","0","0","","",""
"Init_Reuse_0.7_Mut_0","pytutils.excs","1615366104120531713","389","122408720324","0.16666666666666666","1","11","0","0","1","11","","False",""
"Init_Reuse_0.5_Mut_4","pytutils.props","1615366442055150896","185","121070817338","0.6470588235294118","8","68","8","68","0","0","","False",""
"Init_Reuse_0.7_Mut_0","pytutils.rand","1615366109396569894","0","4574436567","1.0","6","16","6","16","0","0","","False",""
"Init_Reuse_0.7_Mut_4","pytutils.urls","1615366526398549674","287","121070247073","0.75","8","35","8","35","0","0","","False",""
"Init_Reuse_0.5_Mut_4","pytutils.mappings","1615366403971826476","108","123977617992","0.664","15","243","14","219","1","24","","False",""
"Init_Reuse_0.3_Mut_8","pytutils.timers","1615366758996646255","0","6328363326","1.0","4","62","4","62","0","0","","False",""
"Init_Reuse_0.7_Mut_4","pytutils.mappings","1615366519761468246","94","122161646224","0.56","19","309","17","286","2","23","","False",""
"Init_Reuse_0.0_Mut_0","pytutils.debug","1615365741371373783","0","11750946515","1.0","9","148","0","0","9","148","","",""
"Init_Reuse_0.7_Mut_0","pytutils.lazy.lazy_import","1615366064144995324","171","121706582196","0.43103448275862066","13","114","13","114","0","0","","False",""
"Init_Reuse_0.7_Mut_4","pytutils.trees","1615366519818043396","151","122063731910","0.75","10","106","10","106","0","0","","False",""
"Init_Reuse_0.5_Mut_4","pytutils.urls","1615366405059631832","379","121147405540","0.75","2","13","2","13","0","0","","False",""
"Init_Reuse_0.3_Mut_0","pytutils.mappings","1615365854697007229","102","121900360462","0.544","19","256","19","256","0","0","","False",""
"Init_Reuse_0.3_Mut_8","pytutils.memo","1615366764711108259","184","121366992260","0.25","7","33","7","33","0","0","","False",""
"Init_Reuse_0.9_Mut_4","pytutils.excs","1615366640848644965","152","122672875089","0.16666666666666666","10","229","0","0","10","229","","False",""
"Init_Reuse_0.5_Mut_8","pytutils.python","1615366847571667831","168","122441809512","0.3","9","188","0","0","9","188","","False",""
"Init_Reuse_0.0_Mut_0","pytutils.path","1615365740989150886","172","122037390863","0.25","4","90","0","0","4","90","","",""
"Init_Reuse_0.7_Mut_0","pytutils.pretty","1615366104120668260","173","122594733305","0.6470588235294118","9","47","9","47","0","0","","False",""
"Init_Reuse_0.9_Mut_0","pytutils.props","1615366205027029936","337","121203733985","0.6470588235294118","5","32","4","25","1","7","","False",""
"Init_Reuse_0.9_Mut_4","pytutils.debug","1615366657177377888","0","7627433571","1.0","5","65","0","0","5","65","","False",""
"Init_Reuse_0.5_Mut_4","pytutils.env","1615366403757966936","272","121336008502","0.5","4","61","3","41","1","20","","False",""
"Init_Reuse_0.3_Mut_0","pytutils.log","1615365854720781507","189","121413479523","0.8235294117647058","9","73","9","73","0","0","","False",""
"Init_Reuse_0.9_Mut_4","pytutils.memo","1615366662754692682","328","121243471566","0.25","5","30","5","30","0","0","","False",""
"Init_Reuse_0.9_Mut_8","pytutils.trees","1615367087780269093","184","121417256767","0.75","6","64","6","64","0","0","","False",""
"Init_Reuse_0.9_Mut_0","pytutils.sets","1615366220835470483","156","121182712519","0.6666666666666666","12","86","12","86","0","0","","False",""
"Init_Reuse_0.5_Mut_0","pytutils.python","1615365946546052915","154","122456696890","0.3","10","211","0","0","10","211","","False",""
"Init_Reuse_0.7_Mut_8","pytutils.debug","1615366984379671933","0","7463965075","1.0","2","42","0","0","2","42","","False",""
"Init_Reuse_0.3_Mut_8","pytutils.iters","1615366781503777246","204","122386638228","0.26666666666666666","8","89","6","77","2","12","","False",""
"Init_Reuse_0.3_Mut_8","pytutils.mappings","1615366782173164206","113","123162015455","0.6","18","262","16","232","2","30","","False",""
"Init_Reuse_0.3_Mut_0","pytutils.urls","1615365891069280308","242","122118038486","0.75","9","39","9","39","0","0","","False",""
"Init_Reuse_0.9_Mut_8","pytutils.log","1615367087960593045","197","121337794867","0.7647058823529411","9","87","8","78","1","9","","False",""
"Init_Reuse_0.9_Mut_0","pytutils.lazy.lazy_regex","1615366196569676965","200","121598505361","0.6041666666666666","11","78","11","78","0","0","","False",""
"Init_Reuse_0.5_Mut_0","pytutils.debug","1615365984174519810","0","8848990527","1.0","8","184","0","0","8","184","","False",""
"Init_Reuse_0.7_Mut_4","pytutils.memo","1615366552842740627","308","122220914104","0.25","7","33","7","33","0","0","","False",""
"Init_Reuse_0.5_Mut_8","pytutils.excs","1615366899593162452","241","122193177288","0.16666666666666666","3","65","0","0","3","65","","False",""
"Init_Reuse_0.3_Mut_0","pytutils.files","1615365890580659681","197","122384541034","0.3448275862068966","8","94","7","87","1","7","","False",""
"Init_Reuse_0.7_Mut_0","pytutils.python","1615366077923021043","127","123615277149","0.3","10","245","0","0","10","245","","False",""
"Init_Reuse_0.7_Mut_0","pytutils.path","1615366080580378018","190","121286513740","0.25","8","145","0","0","8","145","","False",""
"Init_Reuse_0.7_Mut_4","pytutils.pretty","1615366532102769529","198","121425304306","0.6470588235294118","10","50","10","50","0","0","","False",""
"Init_Reuse_0.5_Mut_8","pytutils.tlds","1615366890108750061","24","16509990818","1.0","9","52","7","43","2","9","","False",""
"Init_Reuse_0.0_Mut_0","pytutils.iters","1615365716523853086","201","121108292660","0.26666666666666666","9","101","8","86","1","15","","",""
"Init_Reuse_0.7_Mut_0","pytutils.tlds","1615366104120507785","11","11882627904","1.0","8","54","8","54","0","0","","False",""
"Init_Reuse_0.5_Mut_4","pytutils.excs","1615366442055177063","236","121673643786","0.16666666666666666","5","91","0","0","5","91","","False",""
"Init_Reuse_0.9_Mut_4","pytutils.trees","1615366643296015366","180","121234817866","0.75","9","72","9","72","0","0","","False",""
"Init_Reuse_0.0_Mut_0","pytutils.trees","1615365716523323404","159","121843525468","0.75","9","72","9","72","0","0","","",""
"Init_Reuse_0.9_Mut_4","pytutils.mappings","1615366644983019818","124","121971145607","0.64","17","249","14","196","3","53","","False",""
"Init_Reuse_0.7_Mut_8","pytutils.timers","1615367009577893346","0","7164858748","1.0","10","101","6","71","4","30","","False",""
"Init_Reuse_0.5_Mut_4","pytutils.lazy.lazy_regex","1615366423366277248","194","122626556408","0.6041666666666666","11","101","11","101","0","0","","False",""
"Init_Reuse_0.3_Mut_0","pytutils.excs","1615365854541497730","266","121522567419","0.16666666666666666","1","26","0","0","1","26","","False",""
"Init_Reuse_0.7_Mut_4","pytutils.debug","1615366525664374359","0","7200224632","1.0","10","200","0","0","10","200","","False",""
"Init_Reuse_0.0_Mut_0","pytutils.sets","1615365716530238164","188","121570347657","0.6666666666666666","4","52","4","52","0","0","","",""
"Init_Reuse_0.3_Mut_4","pytutils.path","1615366302219684532","276","121079340386","0.25","3","48","0","0","3","48","","False",""
"Init_Reuse_0.5_Mut_0","pytutils.tlds","1615365979781995541","5","7874370236","1.0","6","39","6","39","0","0","","False",""
"Init_Reuse_0.5_Mut_0","pytutils.timers","1615366022899433804","0","7095652421","1.0","10","127","5","66","5","61","","False",""
"Init_Reuse_0.3_Mut_4","pytutils.files","1615366302216950840","165","121644254736","0.2413793103448276","8","114","8","114","0","0","","False",""
"Init_Reuse_0.9_Mut_4","pytutils.files","1615366662900063017","194","121730424171","0.3103448275862069","9","101","8","95","1","6","","False",""
"Init_Reuse_0.7_Mut_8","pytutils.lazy.simple_import","1615367008864006397","343","122348009759","0.6","2","29","0","0","2","29","","False",""
"Init_Reuse_0.5_Mut_4","pytutils.pretty","1615366453026365688","181","122510995668","0.6470588235294118","7","41","7","41","0","0","","False",""
"Init_Reuse_0.3_Mut_0","pytutils.props","1615365854375021607","282","121474589733","0.6470588235294118","7","48","5","36","2","12","","False",""
"Init_Reuse_0.5_Mut_0","pytutils.log","1615365953517427943","195","121486160397","0.7941176470588235","10","67","10","67","0","0","","False",""
"Init_Reuse_0.3_Mut_4","pytutils.trees","1615366278821677401","170","121385348795","0.75","10","87","10","87","0","0","","False",""
"Init_Reuse_0.9_Mut_0","pytutils.path","1615366189686247153","256","122282391175","0.25","2","46","0","0","2","46","","False",""
"Init_Reuse_0.7_Mut_8","pytutils.trees","1615366998748548899","256","122956018487","0.75","7","55","7","55","0","0","","False",""
"Init_Reuse_0.7_Mut_8","pytutils.rand","1615366992212991627","0","4617134766","1.0","2","6","2","6","0","0","","False",""
"Init_Reuse_0.3_Mut_4","pytutils.lazy.simple_import","1615366343567591143","177","122189847602","0.6","6","160","0","0","6","160","","False",""
"Init_Reuse_0.5_Mut_0","pytutils.trees","1615365953396272606","172","121623074514","0.75","10","101","10","101","0","0","","False",""
"Init_Reuse_0.9_Mut_8","pytutils.props","1615367091639580514","297","121251488807","0.6470588235294118","6","56","6","56","0","0","","False",""
"Init_Reuse_0.9_Mut_0","pytutils.urls","1615366190358477719","301","122282872189","0.75","5","21","5","21","0","0","","False",""
"Init_Reuse_0.5_Mut_8","pytutils.mappings","1615366887953080565","97","122739705865","0.616","19","286","19","286","0","0","","False",""
"Init_Reuse_0.0_Mut_0","pytutils.tlds","1615365776182162389","195","121876873875","0.9166666666666666","9","65","9","65","0","0","","",""
"Init_Reuse_0.9_Mut_8","pytutils.debug","1615367073663459991","0","7852970570","1.0","3","81","0","0","3","81","","False",""
"Init_Reuse_0.3_Mut_4","pytutils.tlds","1615366343840446960","4","8081040457","1.0","6","42","6","42","0","0","","False",""
"Init_Reuse_0.0_Mut_0","pytutils.excs","1615365777649688433","116","123823008799","0.16666666666666666","8","229","0","0","8","229","","",""
"Init_Reuse_0.9_Mut_8","pytutils.python","1615367072780547833","166","122177831926","0.3","9","172","0","0","9","172","","False",""
"Init_Reuse_0.5_Mut_8","pytutils.rand","1615366888429119870","0","6256406772","1.0","2","9","2","9","0","0","","False",""
"Init_Reuse_0.7_Mut_0","pytutils.urls","1615366080083109117","345","121052507696","0.75","4","18","4","18","0","0","","False",""
"Init_Reuse_0.7_Mut_4","pytutils.lazy.simple_import","1615366550695620350","163","121412037423","0.6","10","207","0","0","10","207","","False",""
"Init_Reuse_0.5_Mut_8","pytutils.pretty","1615366890118474623","189","121859686856","0.6470588235294118","10","68","10","68","0","0","","False",""
"Init_Reuse_0.7_Mut_4","pytutils.lazy.lazy_import","1615366551944269487","129","121839870461","0.4224137931034483","15","127","15","127","0","0","","False",""
"Init_Reuse_0.5_Mut_8","pytutils.props","1615366900834143468","205","121855799680","0.6470588235294118","8","63","7","58","1","5","","False",""
"Init_Reuse_0.3_Mut_0","pytutils.meth","1615365854409237929","0","4660236413","1.0","10","58","10","58","0","0","","False",""
"Init_Reuse_0.7_Mut_0","pytutils.debug","1615366078239319410","0","9560658550","1.0","1","30","0","0","1","30","","False",""
"Init_Reuse_0.3_Mut_8","pytutils.rand","1615366780934117861","0","4810396586","1.0","1","3","1","3","0","0","","False",""
"Init_Reuse_0.3_Mut_0","pytutils.path","1615365890220208111","210","122143533231","0.25","2","65","0","0","2","65","","False",""
"Init_Reuse_0.9_Mut_0","pytutils.trees","1615366175544816967","205","121781643127","0.75","8","53","8","53","0","0","","False",""
"Init_Reuse_0.9_Mut_8","pytutils.mappings","1615367128200056050","113","122629193462","0.592","16","265","13","215","3","50","","False",""
"Init_Reuse_0.5_Mut_0","pytutils.urls","1615365984254648765","353","120974047961","0.75","3","17","3","17","0","0","","False",""
"Init_Reuse_0.9_Mut_0","pytutils.memo","1615366220834525635","294","121200015591","0.25","6","36","6","36","0","0","","False",""
"Init_Reuse_0.9_Mut_8","pytutils.lazy.lazy_regex","1615367102398558379","178","121843193301","0.6041666666666666","10","79","9","68","1","11","","False",""
"Init_Reuse_0.3_Mut_4","pytutils.props","1615366344475211425","210","121680949629","0.6470588235294118","10","54","9","50","1","4","","False",""
"Init_Reuse_0.7_Mut_8","pytutils.python","1615366984382582624","153","122111853022","0.3","7","163","0","0","7","163","","False",""
"Init_Reuse_0.3_Mut_8","pytutils.env","1615366781509218663","260","122232896893","0.5","7","68","5","58","2","10","","False",""
"Init_Reuse_0.9_Mut_0","pytutils.excs","1615366228591121277","250","122101897084","0.16666666666666666","4","60","0","0","4","60","","False",""
"Init_Reuse_0.9_Mut_4","pytutils.urls","1615366663876436713","248","121234622070","0.75","8","40","8","40","0","0","","False",""
"Init_Reuse_0.3_Mut_0","pytutils.trees","1615365854568018222","193","121253539735","0.75","8","75","7","73","1","2","","False",""
"Init_Reuse_0.5_Mut_4","pytutils.rand","1615366403983252678","0","4654050181","1.0","3","9","3","9","0","0","","False",""
"Init_Reuse_0.3_Mut_8","pytutils.props","1615366757100413666","226","121341292133","0.6470588235294118","8","49","8","49","0","0","","False",""
"Init_Reuse_0.9_Mut_4","pytutils.sets","1615366663500312350","154","121138645649","0.6666666666666666","7","62","7","62","0","0","","False",""
"Init_Reuse_0.7_Mut_4","pytutils.log","1615366519722196333","169","121262605337","0.7941176470588235","10","75","10","75","0","0","","False",""
"Init_Reuse_0.3_Mut_0","pytutils.rand","1615365854587167856","0","5621980230","1.0","8","27","8","27","0","0","","False",""
"Init_Reuse_0.5_Mut_4","pytutils.debug","1615366405059743118","0","7425421306","1.0","7","188","0","0","7","188","","False",""
"Init_Reuse_0.3_Mut_8","pytutils.lazy.lazy_import","1615366763138630578","137","122035328223","0.43103448275862066","11","90","11","90","0","0","","False",""
"Init_Reuse_0.9_Mut_4","pytutils.props","1615366641029982709","230","121508641520","0.6470588235294118","10","80","9","73","1","7","","False",""
"Init_Reuse_0.0_Mut_0","pytutils.files","1615365740989324118","228","121648727625","0.3103448275862069","3","36","3","36","0","0","","",""
"Init_Reuse_0.7_Mut_0","pytutils.lazy.simple_import","1615366064126034464","174","121449131410","0.6","6","134","0","0","6","134","","False",""
"Init_Reuse_0.7_Mut_4","pytutils.rand","1615366519234115054","0","5346336256","1.0","3","7","3","7","0","0","","False",""
"Init_Reuse_0.9_Mut_4","pytutils.pythree","1615366642961949331","353","120958801173","0.42857142857142855","3","15","3","15","0","0","","False",""
"Init_Reuse_0.0_Mut_0","pytutils.urls","1615365730365477526","249","121769593283","0.75","6","29","6","29","0","0","","",""
"Init_Reuse_0.7_Mut_0","pytutils.memo","1615366068716514665","302","121240454834","0.25","6","23","6","23","0","0","","False",""
"Init_Reuse_0.7_Mut_0","pytutils.mappings","1615366109690470807","91","121911035658","0.584","19","248","17","211","2","37","","False",""
"Init_Reuse_0.7_Mut_4","pytutils.path","1615366526598294293","214","122174822521","0.25","5","85","0","0","5","85","","False",""
"Init_Reuse_0.9_Mut_4","pytutils.python","1615366657180034346","222","121231714202","0.3","4","65","0","0","4","65","","False",""
"Init_Reuse_0.5_Mut_4","pytutils.log","1615366403326244092","181","121552288360","0.7647058823529411","10","68","9","61","1","7","","False",""
"Init_Reuse_0.3_Mut_8","pytutils.pythree","1615366758789943244","329","120958192154","0.42857142857142855","4","25","4","25","0","0","","False",""
