"ConfigurationId","TargetModule","RandomSeed","AlgorithmIterations","TotalTime","Coverage","Size","Length","FailingSize","FailingLength","PassingSize","PassingLength","CollectedTestCases","SuitableTestModule","FoundTestCases"
"Init_Reuse_0.5_Mut_4","pytutils.tlds","1615364763117563644","9","10561324212","1.0","8","39","7","36","1","3","","False",""
"Init_Reuse_0.9_Mut_4","pytutils.path","1615364965913689310","295","121319106636","0.25","2","37","0","0","2","37","","False",""
"Init_Reuse_0.7_Mut_8","pytutils.pretty","1615365314555036106","259","121356551185","0.6470588235294118","6","30","6","30","0","0","","False",""
"Init_Reuse_0.7_Mut_0","pytutils.meth","1615364431172436689","0","5730845273","1.0","3","13","3","13","0","0","","False",""
"Init_Reuse_0.9_Mut_0","pytutils.pretty","1615364537110142900","146","121636475193","0.6470588235294118","10","65","10","65","0","0","","False",""
"Init_Reuse_0.5_Mut_0","pytutils.meth","1615364297897239077","0","6136332948","1.0","10","43","10","43","0","0","","False",""
"Init_Reuse_0.5_Mut_4","pytutils.trees","1615364749828003003","126","122787413650","0.75","10","98","10","98","0","0","","False",""
"Init_Reuse_0.9_Mut_4","pytutils.log","1615365009579783444","246","121436095090","0.7941176470588235","6","47","6","47","0","0","","False",""
"Init_Reuse_0.7_Mut_8","pytutils.pythree","1615365318658201547","203","121446840704","0.42857142857142855","8","46","8","46","0","0","","False",""
"Init_Reuse_0.7_Mut_4","pytutils.python","1615364870674284879","186","122482832265","0.3","8","171","0","0","8","171","","False",""
"Init_Reuse_0.9_Mut_0","pytutils.log","1615364537633858406","233","121417143574","0.7941176470588235","10","42","9","39","1","3","","False",""
"Init_Reuse_0.5_Mut_0","pytutils.path","1615364298559827284","184","123031279992","0.25","5","110","0","0","5","110","","False",""
"Init_Reuse_0.9_Mut_4","pytutils.lazy.lazy_regex","1615364991725599001","188","122466361488","0.6041666666666666","9","93","9","93","0","0","","False",""
"Init_Reuse_0.3_Mut_0","pytutils.python","1615364194108539982","151","122051165908","0.3","6","157","0","0","6","157","","False",""
"Init_Reuse_0.5_Mut_4","pytutils.props","1615364746699574003","202","121168646490","0.6470588235294118","10","81","9","73","1","8","","False",""
"Init_Reuse_0.7_Mut_0","pytutils.env","1615364407382791289","224","121462062467","0.5","6","54","6","54","0","0","","False",""
"Init_Reuse_0.9_Mut_0","pytutils.lazy.lazy_import","1615364533869651156","164","121908584950","0.43103448275862066","14","102","13","95","1","7","","False",""
"Init_Reuse_0.3_Mut_4","pytutils.timers","1615364676975702551","0","5753216947","1.0","4","50","2","20","2","30","","False",""
"Init_Reuse_0.3_Mut_0","pytutils.lazy.lazy_regex","1615364197800444261","190","121573220341","0.6041666666666666","10","83","9","76","1","7","","False",""
"Init_Reuse_0.5_Mut_8","pytutils.env","1615365191498946176","273","121193587688","0.5","6","40","4","26","2","14","","False",""
"Init_Reuse_0.9_Mut_0","pytutils.pythree","1615364534574905685","226","121089371723","0.42857142857142855","10","63","10","63","0","0","","False",""
"Init_Reuse_0.9_Mut_8","pytutils.urls","1615365404391145423","300","121065189433","0.75","7","36","7","36","0","0","","False",""
"Init_Reuse_0.9_Mut_0","pytutils.timers","1615364543286301571","0","7522902876","1.0","4","53","3","43","1","10","","False",""
"Init_Reuse_0.3_Mut_0","pytutils.env","1615364215900942752","204","124297814875","0.5","9","76","8","70","1","6","","False",""
"Init_Reuse_0.5_Mut_8","pytutils.log","1615365192856431679","259","121288153690","0.7647058823529411","8","58","7","53","1","5","","False",""
"Init_Reuse_0.7_Mut_0","pytutils.sets","1615364473228498278","158","124233453686","0.6666666666666666","7","76","7","76","0","0","","False",""
"Init_Reuse_0.9_Mut_8","pytutils.excs","1615365407933696455","282","121599467267","0.16666666666666666","5","75","0","0","5","75","","False",""
"Init_Reuse_0.7_Mut_8","pytutils.mappings","1615365338093368653","123","122118389021","0.704","14","253","13","246","1","7","","False",""
"Init_Reuse_0.7_Mut_8","pytutils.log","1615365338305148874","253","121554544315","0.7647058823529411","7","59","7","59","0","0","","False",""
"Init_Reuse_0.3_Mut_0","pytutils.memo","1615364200981158384","273","121412078209","0.25","6","33","6","33","0","0","","False",""
"Init_Reuse_0.5_Mut_4","pytutils.timers","1615364738212449633","0","6350665690","1.0","8","137","7","113","1","24","","False",""
"Init_Reuse_0.7_Mut_0","pytutils.log","1615364412860700284","183","121671403155","0.7941176470588235","11","78","10","74","1","4","","False",""
"Init_Reuse_0.9_Mut_8","pytutils.pythree","1615365426617743335","346","121469956351","0.42857142857142855","4","22","4","22","0","0","","False",""
"Init_Reuse_0.3_Mut_8","pytutils.iters","1615365106068128197","218","121229124139","0.26666666666666666","8","77","6","66","2","11","","False",""
"Init_Reuse_0.7_Mut_8","pytutils.debug","1615365302574367173","0","9415043417","1.0","2","42","0","0","2","42","","False",""
"Init_Reuse_0.9_Mut_8","pytutils.trees","1615365418452197481","211","121507520470","0.75","10","68","10","68","0","0","","False",""
"Init_Reuse_0.3_Mut_4","pytutils.mappings","1615364687857567213","121","122075199509","0.576","16","220","15","208","1","12","","False",""
"Init_Reuse_0.0_Mut_0","pytutils.env","1615364096585879164","358","121186741647","0.5","3","26","2","17","1","9","","",""
"Init_Reuse_0.9_Mut_8","pytutils.log","1615365419382316442","233","121532876498","0.7647058823529411","10","45","9","41","1","4","","False",""
"Init_Reuse_0.0_Mut_0","pytutils.log","1615364084739907433","213","121718780920","0.7647058823529411","9","58","9","58","0","0","","",""
"Init_Reuse_0.7_Mut_0","pytutils.pythree","1615364449594732350","329","122246904432","0.42857142857142855","4","23","4","23","0","0","","False",""
"Init_Reuse_0.3_Mut_8","pytutils.mappings","1615365079204218231","111","121684501841","0.64","14","226","13","208","1","18","","False",""
"Init_Reuse_0.5_Mut_0","pytutils.excs","1615364349682385390","281","121691038895","0.16666666666666666","7","72","0","0","7","72","","False",""
"Init_Reuse_0.3_Mut_4","pytutils.python","1615364634866229692","135","122891943420","0.3","9","227","0","0","9","227","","False",""
"Init_Reuse_0.5_Mut_8","pytutils.excs","1615365229837591015","159","122139368244","0.16666666666666666","8","186","0","0","8","186","","False",""
"Init_Reuse_0.7_Mut_4","pytutils.memo","1615364884505524439","225","123089223493","0.25","7","29","7","29","0","0","","False",""
"Init_Reuse_0.3_Mut_0","pytutils.lazy.simple_import","1615364195181543733","168","122007957121","0.6","9","176","0","0","9","176","","False",""
"Init_Reuse_0.5_Mut_8","pytutils.tlds","1615365229837066976","12","14581153237","1.0","9","51","8","48","1","3","","False",""
"Init_Reuse_0.7_Mut_4","pytutils.pretty","1615364885431767085","258","121892897742","0.6470588235294118","5","28","5","28","0","0","","False",""
"Init_Reuse_0.3_Mut_0","pytutils.timers","1615364233900391864","0","8410101472","1.0","7","88","5","53","2","35","","False",""
"Init_Reuse_0.3_Mut_4","pytutils.env","1615364662547079347","189","121560809919","0.5","10","73","9","65","1","8","","False",""
"Init_Reuse_0.5_Mut_0","pytutils.pythree","1615364310350035723","319","121031680338","0.42857142857142855","5","29","5","29","0","0","","False",""
"Init_Reuse_0.7_Mut_4","pytutils.urls","1615364893257765786","351","121559519063","0.75","4","16","4","16","0","0","","False",""
"Init_Reuse_0.5_Mut_4","pytutils.mappings","1615364749817356840","115","123067852103","0.624","15","258","15","258","0","0","","False",""
"Init_Reuse_0.3_Mut_8","pytutils.timers","1615365081316143970","0","6639697954","1.0","6","92","5","84","1","8","","False",""
"Init_Reuse_0.3_Mut_4","pytutils.lazy.lazy_regex","1615364648462765016","223","121294898592","0.6041666666666666","10","84","10","84","0","0","","False",""
"Init_Reuse_0.5_Mut_0","pytutils.env","1615364302729430986","233","121181340940","0.5","7","46","6","42","1","4","","False",""
"Init_Reuse_0.9_Mut_0","pytutils.iters","1615364556533825883","206","122107824976","0.26666666666666666","7","110","5","87","2","23","","False",""
"Init_Reuse_0.5_Mut_0","pytutils.memo","1615364313582511068","238","121452857777","0.25","10","55","10","55","0","0","","False",""
"Init_Reuse_0.3_Mut_4","pytutils.lazy.lazy_import","1615364670266849259","159","124599477196","0.4224137931034483","12","110","12","110","0","0","","False",""
"Init_Reuse_0.7_Mut_4","pytutils.mappings","1615364864299261747","115","122472581148","0.592","17","251","14","202","3","49","","False",""
"Init_Reuse_0.5_Mut_0","pytutils.lazy.simple_import","1615364312183899469","118","122400889771","0.6","9","267","0","0","9","267","","False",""
"Init_Reuse_0.5_Mut_8","pytutils.python","1615365228985143178","234","121468963588","0.3","8","88","0","0","8","88","","False",""
"Init_Reuse_0.0_Mut_0","pytutils.lazy.lazy_import","1615364094652236064","159","123059147086","0.4224137931034483","14","119","13","105","1","14","","",""
"Init_Reuse_0.7_Mut_4","pytutils.trees","1615364854919401728","197","121131114725","0.75","9","76","9","76","0","0","","False",""
"Init_Reuse_0.9_Mut_4","pytutils.excs","1615364981000808797","225","122094041251","0.16666666666666666","3","64","0","0","3","64","","False",""
"Init_Reuse_0.5_Mut_4","pytutils.urls","1615364747527439074","308","121100650790","0.75","5","27","5","27","0","0","","False",""
"Init_Reuse_0.3_Mut_8","pytutils.memo","1615365092876984975","217","121198390096","0.25","8","34","8","34","0","0","","False",""
"Init_Reuse_0.9_Mut_4","pytutils.debug","1615364966170454361","0","8101929065","1.0","3","82","0","0","3","82","","False",""
"Init_Reuse_0.9_Mut_4","pytutils.memo","1615364986111426536","256","121613109156","0.25","10","46","10","46","0","0","","False",""
"Init_Reuse_0.5_Mut_4","pytutils.python","1615364764888978708","119","123421403208","0.3","9","243","0","0","9","243","","False",""
"Init_Reuse_0.5_Mut_4","pytutils.env","1615364757303148223","317","121148302409","0.5","6","44","6","44","0","0","","False",""
"Init_Reuse_0.9_Mut_0","pytutils.rand","1615364563413412442","0","6317654798","1.0","10","27","10","27","0","0","","False",""
"Init_Reuse_0.0_Mut_0","pytutils.pythree","1615364098673284285","394","121122727283","0.42857142857142855","2","14","2","14","0","0","","",""
"Init_Reuse_0.3_Mut_0","pytutils.lazy.lazy_import","1615364195004772904","141","121833641238","0.4396551724137931","13","108","13","108","0","0","","False",""
"Init_Reuse_0.7_Mut_8","pytutils.trees","1615365335994471525","235","121502533150","0.75","8","58","8","58","0","0","","False",""
"Init_Reuse_0.7_Mut_0","pytutils.trees","1615364462998129436","151","121751240925","0.75","12","104","12","104","0","0","","False",""
"Init_Reuse_0.0_Mut_0","pytutils.python","1615364089378147830","117","122618503421","0.3","5","140","0","0","5","140","","",""
"Init_Reuse_0.7_Mut_0","pytutils.lazy.lazy_regex","1615364473276753767","210","124715288768","0.6041666666666666","10","81","8","73","2","8","","False",""
"Init_Reuse_0.9_Mut_8","pytutils.props","1615365407718724478","259","121097169324","0.6470588235294118","9","68","8","64","1","4","","False",""
"Init_Reuse_0.7_Mut_8","pytutils.rand","1615365316234158727","0","4573774612","1.0","6","17","6","17","0","0","","False",""
"Init_Reuse_0.9_Mut_8","pytutils.debug","1615365404376188074","0","7346968028","1.0","4","60","0","0","4","60","","False",""
"Init_Reuse_0.3_Mut_0","pytutils.iters","1615364208443666596","320","121308923287","0.26666666666666666","3","36","3","36","0","0","","False",""
"Init_Reuse_0.5_Mut_8","pytutils.mappings","1615365192892316594","110","121835238322","0.64","19","311","18","282","1","29","","False",""
"Init_Reuse_0.3_Mut_0","pytutils.sets","1615364200729051747","157","121662964112","0.6666666666666666","9","85","9","85","0","0","","False",""
"Init_Reuse_0.5_Mut_8","pytutils.rand","1615365191445997472","0","4143802869","1.0","4","12","4","12","0","0","","False",""
"Init_Reuse_0.9_Mut_8","pytutils.python","1615365404652016791","183","121843857746","0.3","9","154","0","0","9","154","","False",""
"Init_Reuse_0.5_Mut_4","pytutils.excs","1615364746369900474","176","121825449564","0.16666666666666666","9","170","0","0","9","170","","False",""
"Init_Reuse_0.7_Mut_0","pytutils.iters","1615364407369184007","271","121077712253","0.26666666666666666","5","42","5","42","0","0","","False",""
"Init_Reuse_0.9_Mut_0","pytutils.lazy.simple_import","1615364533832275678","302","120962287053","0.6","1","23","0","0","1","23","","False",""
"Init_Reuse_0.3_Mut_4","pytutils.pythree","1615364676974541055","216","121494833309","0.42857142857142855","8","47","8","47","0","0","","False",""
"Init_Reuse_0.9_Mut_0","pytutils.mappings","1615364564502994725","105","123680245490","0.544","19","230","17","211","2","19","","False",""
"Init_Reuse_0.5_Mut_0","pytutils.files","1615364298591416400","140","123447494163","0.2413793103448276","10","115","10","115","0","0","","False",""
"Init_Reuse_0.9_Mut_4","pytutils.trees","1615365009036915673","180","121528103575","0.75","7","66","7","66","0","0","","False",""
"Init_Reuse_0.3_Mut_0","pytutils.debug","1615364188629536809","0","8628991586","1.0","1","31","0","0","1","31","","False",""
"Init_Reuse_0.5_Mut_0","pytutils.iters","1615364303112414914","209","121297923007","0.26666666666666666","8","59","6","39","2","20","","False",""
"Init_Reuse_0.5_Mut_4","pytutils.lazy.lazy_regex","1615364754042116106","225","124096484107","0.6041666666666666","8","61","7","50","1","11","","False",""
"Init_Reuse_0.9_Mut_4","pytutils.mappings","1615365009350693144","118","122263532141","0.6","17","229","13","194","4","35","","False",""
"Init_Reuse_0.7_Mut_8","pytutils.timers","1615365317297570123","0","6667392214","1.0","10","155","7","90","3","65","","False",""
"Init_Reuse_0.7_Mut_4","pytutils.debug","1615364880048130796","0","9061631156","1.0","4","56","0","0","4","56","","False",""
"Init_Reuse_0.5_Mut_4","pytutils.pretty","1615364763124893064","187","123039063559","0.6470588235294118","5","29","5","29","0","0","","False",""
"Init_Reuse_0.9_Mut_4","pytutils.files","1615364973616255702","223","121500111523","0.2413793103448276","7","87","6","75","1","12","","False",""
"Init_Reuse_0.7_Mut_8","pytutils.lazy.simple_import","1615365315585237388","186","123044722600","0.6","5","109","0","0","5","109","","False",""
"Init_Reuse_0.7_Mut_0","pytutils.files","1615364431173000361","188","121348641841","0.3448275862068966","9","125","5","77","4","48","","False",""
"Init_Reuse_0.9_Mut_0","pytutils.tlds","1615364526860641092","281","121199015240","0.9166666666666666","6","52","6","52","0","0","","False",""
"Init_Reuse_0.9_Mut_4","pytutils.urls","1615364966171152671","295","121233134087","0.75","6","29","6","29","0","0","","False",""
"Init_Reuse_0.9_Mut_4","pytutils.sets","1615364991835841869","161","123617021902","0.6666666666666666","9","92","8","81","1","11","","False",""
"Init_Reuse_0.5_Mut_4","pytutils.rand","1615364746572641050","0","5121711010","1.0","9","34","9","34","0","0","","False",""
"Init_Reuse_0.3_Mut_8","pytutils.props","1615365094902255685","206","121681156133","0.6470588235294118","9","56","9","56","0","0","","False",""
"Init_Reuse_0.9_Mut_0","pytutils.env","1615364556375886365","334","121694515248","0.5","7","39","6","37","1","2","","False",""
"Init_Reuse_0.5_Mut_0","pytutils.lazy.lazy_import","1615364313572960331","129","122198173082","0.4224137931034483","12","85","12","85","0","0","","False",""
"Init_Reuse_0.0_Mut_0","pytutils.lazy.simple_import","1615364098547536785","259","121490560458","0.6","2","48","0","0","2","48","","",""
"Init_Reuse_0.7_Mut_4","pytutils.log","1615364864202917961","194","121667474463","0.7647058823529411","9","64","8","53","1","11","","False",""
"Init_Reuse_0.9_Mut_4","pytutils.props","1615364980397209483","271","121338020009","0.6470588235294118","6","52","6","52","0","0","","False",""
"Init_Reuse_0.5_Mut_4","pytutils.debug","1615364747593198613","0","8452455676","1.0","7","95","0","0","7","95","","False",""
"Init_Reuse_0.3_Mut_8","pytutils.lazy.lazy_import","1615365087403037943","167","121672458904","0.43103448275862066","11","87","11","87","0","0","","False",""
"Init_Reuse_0.5_Mut_0","pytutils.sets","1615364313582630336","198","121401051598","0.6666666666666666","5","54","5","54","0","0","","False",""
"Init_Reuse_0.3_Mut_4","pytutils.memo","1615364670227265183","231","124135610684","0.25","9","46","9","46","0","0","","False",""
"Init_Reuse_0.9_Mut_0","pytutils.python","1615364550932087248","160","121825001960","0.3","9","168","0","0","9","168","","False",""
"Init_Reuse_0.7_Mut_4","pytutils.rand","1615364864409923343","0","5128344858","1.0","3","10","3","10","0","0","","False",""
"Init_Reuse_0.9_Mut_4","pytutils.pythree","1615364996302949359","242","121719363156","0.42857142857142855","10","66","10","66","0","0","","False",""
"Init_Reuse_0.7_Mut_4","pytutils.path","1615364893309938746","145","123222010842","0.25","10","243","0","0","10","243","","False",""
"Init_Reuse_0.9_Mut_4","pytutils.python","1615364960999897982","166","121592544257","0.3","6","130","0","0","6","130","","False",""
"Init_Reuse_0.5_Mut_4","pytutils.log","1615364749830161800","153","122444968256","0.7647058823529411","10","63","9","46","1","17","","False",""
"Init_Reuse_0.3_Mut_8","pytutils.pythree","1615365080192489021","263","121307675364","0.42857142857142855","6","38","6","38","0","0","","False",""
"Init_Reuse_0.3_Mut_4","pytutils.sets","1615364670255192591","164","124541353649","0.6666666666666666","8","71","8","71","0","0","","False",""
"Init_Reuse_0.5_Mut_0","pytutils.rand","1615364312081474827","0","4822637065","1.0","10","24","10","24","0","0","","False",""
"Init_Reuse_0.9_Mut_0","pytutils.meth","1615364556537873475","0","6368954358","1.0","8","38","8","38","0","0","","False",""
"Init_Reuse_0.0_Mut_0","pytutils.timers","1615364098573978213","0","8939393576","1.0","7","54","4","23","3","31","","",""
"Init_Reuse_0.5_Mut_8","pytutils.pretty","1615365229829612877","161","121627749986","0.6470588235294118","8","39","8","39","0","0","","False",""
"Init_Reuse_0.7_Mut_4","pytutils.lazy.simple_import","1615364883083938929","158","122037812322","0.6","7","181","0","0","7","181","","False",""
"Init_Reuse_0.3_Mut_0","pytutils.pythree","1615364232455977815","337","122204875002","0.42857142857142855","5","24","5","24","0","0","","False",""
"Init_Reuse_0.3_Mut_4","pytutils.iters","1615364660504763036","245","121546951424","0.26666666666666666","6","76","3","38","3","38","","False",""
"Init_Reuse_0.5_Mut_0","pytutils.props","1615364345944500519","212","121406506251","0.6470588235294118","6","43","6","43","0","0","","False",""
"Init_Reuse_0.3_Mut_4","pytutils.debug","1615364663186504679","0","7989308427","1.0","5","118","0","0","5","118","","False",""
"Init_Reuse_0.5_Mut_8","pytutils.props","1615365226528232625","200","121822914064","0.6470588235294118","8","75","8","75","0","0","","False",""
"Init_Reuse_0.7_Mut_4","pytutils.lazy.lazy_import","1615364884292339101","147","123339267307","0.43103448275862066","12","115","11","101","1","14","","False",""
"Init_Reuse_0.3_Mut_0","pytutils.pretty","1615364232455701485","177","122295205738","0.6470588235294118","10","52","10","52","0","0","","False",""
"Init_Reuse_0.9_Mut_8","pytutils.mappings","1615365410835131859","110","122632758810","0.552","20","296","16","204","4","92","","False",""
"Init_Reuse_0.0_Mut_0","pytutils.mappings","1615364096781927212","87","122032974536","0.576","16","283","15","275","1","8","","",""
"Init_Reuse_0.7_Mut_0","pytutils.timers","1615364452039163418","0","6382252258","1.0","2","51","1","22","1","29","","False",""
"Init_Reuse_0.3_Mut_8","pytutils.rand","1615365079606632137","0","4704427299","1.0","3","11","3","11","0","0","","False",""
"Init_Reuse_0.3_Mut_8","pytutils.env","1615365104658747304","340","121735199804","0.5","3","25","3","25","0","0","","False",""
"Init_Reuse_0.7_Mut_8","pytutils.python","1615365297351133801","132","121948674713","0.3","3","73","0","0","3","73","","False",""
"Init_Reuse_0.9_Mut_8","pytutils.lazy.lazy_regex","1615365418451889847","266","121238637107","0.6041666666666666","8","65","7","48","1","17","","False",""
"Init_Reuse_0.3_Mut_4","pytutils.rand","1615364688859760979","0","6283289820","1.0","8","24","8","24","0","0","","False",""
"Init_Reuse_0.0_Mut_0","pytutils.rand","1615364095796618672","0","6853351403","1.0","10","28","10","28","0","0","","",""
"Init_Reuse_0.7_Mut_0","pytutils.props","1615364451855155976","219","121303550116","0.6470588235294118","8","62","7","60","1","2","","False",""
"Init_Reuse_0.3_Mut_4","pytutils.excs","1615364654098051153","412","121899849827","0.16666666666666666","1","8","0","0","1","8","","False",""
"Init_Reuse_0.5_Mut_8","pytutils.urls","1615365226325263313","286","121197747296","0.75","7","36","7","36","0","0","","False",""
"Init_Reuse_0.0_Mut_0","pytutils.pretty","1615364098464219871","200","121388099410","0.6470588235294118","8","38","8","38","0","0","","",""
"Init_Reuse_0.9_Mut_4","pytutils.pretty","1615364990863527911","229","121173256713","0.6470588235294118","6","42","6","42","0","0","","False",""
"Init_Reuse_0.3_Mut_8","pytutils.lazy.simple_import","1615365072120147407","168","121386229383","0.6","7","178","0","0","7","178","","False",""
"Init_Reuse_0.5_Mut_4","pytutils.files","1615364744117081891","190","121311428654","0.2413793103448276","8","87","6","55","2","32","","False",""
"Init_Reuse_0.9_Mut_4","pytutils.lazy.simple_import","1615364989966947294","235","121523812190","0.6","4","78","0","0","4","78","","False",""
"Init_Reuse_0.3_Mut_8","pytutils.excs","1615365095596356459","194","121723239190","0.16666666666666666","2","59","0","0","2","59","","False",""
"Init_Reuse_0.5_Mut_4","pytutils.meth","1615364742570076664","0","5198392998","1.0","4","27","4","27","0","0","","False",""
"Init_Reuse_0.0_Mut_0","pytutils.props","1615364095615657322","196","121205567860","0.6470588235294118","10","76","10","76","0","0","","",""
"Init_Reuse_0.7_Mut_4","pytutils.files","1615364893312909626","192","122006114270","0.2413793103448276","7","81","5","50","2","31","","False",""
"Init_Reuse_0.5_Mut_0","pytutils.mappings","1615364310524832413","103","123188873179","0.648","15","267","13","208","2","59","","False",""
"Init_Reuse_0.3_Mut_4","pytutils.log","1615364656553250496","183","121328001114","0.7941176470588235","10","66","10","66","0","0","","False",""
"Init_Reuse_0.9_Mut_0","pytutils.files","1615364547623176721","208","121520789384","0.3103448275862069","10","122","10","122","0","0","","False",""
"Init_Reuse_0.3_Mut_4","pytutils.pretty","1615364655070416238","164","121172932553","0.6470588235294118","10","61","10","61","0","0","","False",""
"Init_Reuse_0.5_Mut_0","pytutils.lazy.lazy_regex","1615364312918891678","158","121773533080","0.6041666666666666","10","86","10","86","0","0","","False",""
"Init_Reuse_0.5_Mut_8","pytutils.files","1615365225246736889","174","121703767742","0.2413793103448276","8","88","6","67","2","21","","False",""
"Init_Reuse_0.9_Mut_0","pytutils.debug","1615364551031791383","0","7687231383","1.0","2","52","0","0","2","52","","False",""
"Init_Reuse_0.7_Mut_4","pytutils.env","1615364863215770308","308","121583276153","0.5","4","43","3","40","1","3","","False",""
"Init_Reuse_0.3_Mut_4","pytutils.urls","1615364662551516006","247","121350651843","0.75","8","42","8","42","0","0","","False",""
"Init_Reuse_0.5_Mut_0","pytutils.pretty","1615364348512276066","243","121456757081","0.6470588235294118","5","26","5","26","0","0","","False",""
"Init_Reuse_0.0_Mut_0","pytutils.memo","1615364091283205332","282","123347231264","0.25","7","43","7","43","0","0","","",""
"Init_Reuse_0.7_Mut_4","pytutils.lazy.lazy_regex","1615364854840851758","154","121501853223","0.6041666666666666","13","113","13","113","0","0","","False",""
"Init_Reuse_0.3_Mut_8","pytutils.sets","1615365092175840867","221","121301098113","0.6666666666666666","6","56","6","56","0","0","","False",""
"Init_Reuse_0.3_Mut_0","pytutils.tlds","1615364229507494972","239","121898312519","0.9166666666666666","9","48","8","42","1","6","","False",""
"Init_Reuse_0.5_Mut_8","pytutils.lazy.simple_import","1615365223173622192","459","121175388414","0.6","1","10","0","0","1","10","","False",""
"Init_Reuse_0.7_Mut_4","pytutils.excs","1615364868394070384","254","121550829916","0.16666666666666666","5","73","0","0","5","73","","False",""
"Init_Reuse_0.7_Mut_8","pytutils.meth","1615365316103167517","0","4048864571","1.0","3","22","3","22","0","0","","False",""
"Init_Reuse_0.3_Mut_4","pytutils.meth","1615364654136386030","0","6112946048","1.0","3","17","3","17","0","0","","False",""
"Init_Reuse_0.9_Mut_8","pytutils.lazy.lazy_import","1615365424416187382","119","121638444479","0.43103448275862066","13","131","13","131","0","0","","False",""
"Init_Reuse_0.3_Mut_8","pytutils.files","1615365092001753815","161","122547979853","0.3103448275862069","9","114","7","93","2","21","","False",""
"Init_Reuse_0.7_Mut_8","pytutils.path","1615365304017383388","170","121559834103","0.25","10","195","0","0","10","195","","False",""
"Init_Reuse_0.9_Mut_8","pytutils.sets","1615365419693201523","176","121482419231","0.6666666666666666","7","72","7","72","0","0","","False",""
"Init_Reuse_0.7_Mut_0","pytutils.excs","1615364451855323794","165","122376511864","0.16666666666666666","4","108","0","0","4","108","","False",""
"Init_Reuse_0.9_Mut_8","pytutils.rand","1615365410816009615","0","4875324559","1.0","3","9","3","9","0","0","","False",""
"Init_Reuse_0.0_Mut_0","pytutils.lazy.lazy_regex","1615364096596898427","138","121400753867","0.6041666666666666","10","91","10","91","0","0","","",""
"Init_Reuse_0.5_Mut_8","pytutils.timers","1615365206847101426","0","6551223422","1.0","8","105","7","88","1","17","","False",""
"Init_Reuse_0.3_Mut_8","pytutils.trees","1615365078739688551","159","121485622130","0.75","10","91","10","91","0","0","","False",""
"Init_Reuse_0.9_Mut_8","pytutils.iters","1615365410694786329","225","121207245562","0.26666666666666666","8","107","6","71","2","36","","False",""
"Init_Reuse_0.7_Mut_0","pytutils.lazy.lazy_import","1615364469181925668","110","124092457779","0.43103448275862066","14","119","14","119","0","0","","False",""
"Init_Reuse_0.0_Mut_0","pytutils.debug","1615364088194567211","0","8838804465","1.0","9","148","0","0","9","148","","",""
"Init_Reuse_0.9_Mut_8","pytutils.pretty","1615365423136428732","298","121513508996","0.6470588235294118","5","30","5","30","0","0","","False",""
"Init_Reuse_0.7_Mut_8","pytutils.env","1615365315278662661","231","121336429563","0.5","9","52","9","52","0","0","","False",""
"Init_Reuse_0.3_Mut_8","pytutils.python","1615365083110187422","164","122420982904","0.3","6","140","0","0","6","140","","False",""
"Init_Reuse_0.5_Mut_8","pytutils.memo","1615365212783166146","218","121489095538","0.25","10","45","10","45","0","0","","False",""
"Init_Reuse_0.7_Mut_8","pytutils.lazy.lazy_regex","1615365336016244403","179","121395911669","0.6041666666666666","9","68","9","68","0","0","","False",""
"Init_Reuse_0.7_Mut_0","pytutils.rand","1615364407054362712","0","4113471890","1.0","2","4","2","4","0","0","","False",""
"Init_Reuse_0.3_Mut_0","pytutils.log","1615364200733428445","204","121551555914","0.7941176470588235","11","79","10","65","1","14","","False",""
"Init_Reuse_0.7_Mut_8","pytutils.memo","1615365315348303521","238","121571859476","0.25","7","36","7","36","0","0","","False",""
"Init_Reuse_0.5_Mut_8","pytutils.meth","1615365215917702058","0","6492428688","1.0","8","33","8","33","0","0","","False",""
"Init_Reuse_0.9_Mut_0","pytutils.props","1615364534200632856","234","121569444327","0.6470588235294118","6","39","6","39","0","0","","False",""
"Init_Reuse_0.9_Mut_8","pytutils.files","1615365407419633417","181","121628383368","0.3448275862068966","9","111","9","111","0","0","","False",""
"Init_Reuse_0.7_Mut_0","pytutils.pretty","1615364473227581377","242","123996401274","0.6470588235294118","5","22","5","22","0","0","","False",""
"Init_Reuse_0.0_Mut_0","pytutils.path","1615364089377468829","137","121687108729","0.25","8","220","0","0","8","220","","",""
"Init_Reuse_0.3_Mut_0","pytutils.mappings","1615364200768824079","107","122265349587","0.6","19","252","17","236","2","16","","False",""
"Init_Reuse_0.3_Mut_8","pytutils.urls","1615365070925631638","234","121848719155","0.75","10","46","10","46","0","0","","False",""
"Init_Reuse_0.7_Mut_4","pytutils.timers","1615364868768781574","0","9744393430","1.0","8","115","3","39","5","76","","False",""
"Init_Reuse_0.5_Mut_8","pytutils.lazy.lazy_regex","1615365212794304196","201","121313194312","0.6041666666666666","11","88","10","82","1","6","","False",""
"Init_Reuse_0.9_Mut_0","pytutils.lazy.lazy_regex","1615364555662126444","171","123759293938","0.6041666666666666","8","71","8","71","0","0","","False",""
"Init_Reuse_0.5_Mut_0","pytutils.debug","1615364298394404751","0","10016997856","1.0","8","171","0","0","8","171","","False",""
"Init_Reuse_0.3_Mut_0","pytutils.urls","1615364191098380730","341","121140555524","0.75","3","16","3","16","0","0","","False",""
"Init_Reuse_0.9_Mut_0","pytutils.sets","1615364555227654368","252","122897818699","0.6666666666666666","3","23","3","23","0","0","","False",""
"Init_Reuse_0.5_Mut_0","pytutils.python","1615364294309419894","181","122062201440","0.3","7","121","0","0","7","121","","False",""
"Init_Reuse_0.5_Mut_4","pytutils.lazy.simple_import","1615364763229183173","212","123011833369","0.6","5","108","0","0","5","108","","False",""
"Init_Reuse_0.7_Mut_8","pytutils.excs","1615365350169890664","272","121313203378","0.16666666666666666","6","87","0","0","6","87","","False",""
"Init_Reuse_0.9_Mut_4","pytutils.meth","1615364957057030084","0","5941078549","1.0","10","57","10","57","0","0","","False",""
"Init_Reuse_0.7_Mut_0","pytutils.path","1615364428029410542","220","123914061380","0.25","2","57","0","0","2","57","","False",""
"Init_Reuse_0.7_Mut_0","pytutils.python","1615364423336127810","230","121363189410","0.3","6","81","0","0","6","81","","False",""
"Init_Reuse_0.5_Mut_4","pytutils.sets","1615364754043888667","156","124098754107","0.6666666666666666","10","84","10","84","0","0","","False",""
"Init_Reuse_0.7_Mut_8","pytutils.props","1615365350349578960","205","121190785765","0.6470588235294118","10","81","10","81","0","0","","False",""
"Init_Reuse_0.3_Mut_0","pytutils.files","1615364213104543659","184","122083986139","0.2413793103448276","8","105","7","99","1","6","","False",""
"Init_Reuse_0.9_Mut_4","pytutils.rand","1615365009349479627","0","5735469903","1.0","6","20","6","20","0","0","","False",""
"Init_Reuse_0.9_Mut_8","pytutils.env","1615365412484086988","383","121442767462","0.5","3","28","1","17","2","11","","False",""
"Init_Reuse_0.0_Mut_0","pytutils.trees","1615364086085044096","162","121663927509","0.75","10","84","10","84","0","0","","",""
"Init_Reuse_0.3_Mut_8","pytutils.log","1615365079205659067","209","121178446916","0.7647058823529411","8","42","7","38","1","4","","False",""
"Init_Reuse_0.9_Mut_4","pytutils.timers","1615364994877670455","0","7340760951","1.0","9","89","8","63","1","26","","False",""
"Init_Reuse_0.7_Mut_4","pytutils.props","1615364853066653513","171","121225476773","0.6470588235294118","9","63","9","63","0","0","","False",""
"Init_Reuse_0.3_Mut_8","pytutils.meth","1615365079856563086","0","5667343128","1.0","6","29","6","29","0","0","","False",""
"Init_Reuse_0.7_Mut_8","pytutils.urls","1615365304017420941","316","121311888009","0.75","4","22","4","22","0","0","","False",""
"Init_Reuse_0.9_Mut_8","pytutils.memo","1615365424712256921","272","121141191990","0.25","6","28","6","28","0","0","","False",""
"Init_Reuse_0.7_Mut_0","pytutils.tlds","1615364452050501492","245","121406668823","0.9166666666666666","9","64","9","64","0","0","","False",""
"Init_Reuse_0.0_Mut_0","pytutils.iters","1615364092029616222","244","123688842561","0.26666666666666666","9","90","7","75","2","15","","",""
"Init_Reuse_0.5_Mut_8","pytutils.lazy.lazy_import","1615365212287221270","151","121623036744","0.4224137931034483","12","98","12","98","0","0","","False",""
"Init_Reuse_0.7_Mut_4","pytutils.tlds","1615364868123106861","219","121198213359","0.9166666666666666","9","52","9","52","0","0","","False",""
"Init_Reuse_0.3_Mut_0","pytutils.props","1615364228476824873","190","121663387890","0.6470588235294118","9","81","9","81","0","0","","False",""
"Init_Reuse_0.7_Mut_8","pytutils.files","1615365281398558326","160","121837406501","0.2413793103448276","9","130","8","97","1","33","","False",""
"Init_Reuse_0.5_Mut_0","pytutils.timers","1615364354078966028","0","6437250949","1.0","10","112","7","80","3","32","","False",""
"Init_Reuse_0.3_Mut_4","pytutils.files","1615364661461873926","231","121514496790","0.2413793103448276","6","62","3","35","3","27","","False",""
"Init_Reuse_0.9_Mut_8","pytutils.lazy.simple_import","1615365424629505210","277","121255164969","0.6","2","37","0","0","2","37","","False",""
"Init_Reuse_0.3_Mut_4","pytutils.path","1615364660492132508","176","121711266255","0.25","10","169","0","0","10","169","","False",""
"Init_Reuse_0.5_Mut_0","pytutils.tlds","1615364347494132016","6","7914715318","1.0","7","49","6","44","1","5","","False",""
"Init_Reuse_0.0_Mut_0","pytutils.sets","1615364090381799496","172","123098429194","0.6666666666666666","7","62","7","62","0","0","","",""
"Init_Reuse_0.5_Mut_8","pytutils.pythree","1615365190262158763","223","121286019868","0.42857142857142855","10","57","10","57","0","0","","False",""
"Init_Reuse_0.7_Mut_4","pytutils.sets","1615364884292134963","210","122200800025","0.6666666666666666","8","68","8","68","0","0","","False",""
"Init_Reuse_0.3_Mut_8","pytutils.lazy.lazy_regex","1615365065869208478","173","121283806869","0.6041666666666666","11","86","10","82","1","4","","False",""
"Init_Reuse_0.3_Mut_0","pytutils.excs","1615364233900200221","157","122581057648","0.16666666666666666","3","94","0","0","3","94","","False",""
"Init_Reuse_0.3_Mut_4","pytutils.lazy.simple_import","1615364655111567314","147","122375478521","0.6","6","181","0","0","6","181","","False",""
"Init_Reuse_0.5_Mut_0","pytutils.trees","1615364312265609935","172","121600711333","0.75","8","79","8","79","0","0","","False",""
"Init_Reuse_0.9_Mut_0","pytutils.urls","1615364549296362993","287","121113131445","0.75","5","21","5","21","0","0","","False",""
"Init_Reuse_0.5_Mut_8","pytutils.path","1615365224841586917","176","122109723436","0.25","9","176","0","0","9","176","","False",""
"Init_Reuse_0.7_Mut_4","pytutils.iters","1615364864421017809","297","121071293721","0.26666666666666666","6","42","3","27","3","15","","False",""
"Init_Reuse_0.7_Mut_4","pytutils.meth","1615364859386177883","0","5851095556","1.0","10","54","10","54","0","0","","False",""
"Init_Reuse_0.5_Mut_0","pytutils.log","1615364312082233143","224","121533995847","0.7941176470588235","7","57","7","57","0","0","","False",""
"Init_Reuse_0.3_Mut_4","pytutils.trees","1615364656552793614","178","121775585444","0.75","9","64","9","64","0","0","","False",""
"Init_Reuse_0.9_Mut_0","pytutils.path","1615364549303457560","190","121537862727","0.25","8","148","0","0","8","148","","False",""
"Init_Reuse_0.9_Mut_4","pytutils.lazy.lazy_import","1615364990944489042","153","121656649386","0.43103448275862066","12","113","12","113","0","0","","False",""
"Init_Reuse_0.3_Mut_8","pytutils.tlds","1615365097081124467","251","121901938807","0.9166666666666666","9","60","8","57","1","3","","False",""
"Init_Reuse_0.5_Mut_4","pytutils.iters","1615364772904354031","202","121276113690","0.26666666666666666","5","88","2","19","3","69","","False",""
"Init_Reuse_0.0_Mut_0","pytutils.excs","1615364091943727676","216","121836394956","0.16666666666666666","6","99","0","0","6","99","","",""
"Init_Reuse_0.3_Mut_4","pytutils.tlds","1615364655130024001","279","121075271468","0.9166666666666666","6","65","6","65","0","0","","False",""
"Init_Reuse_0.5_Mut_8","pytutils.debug","1615365228985040330","0","8321192625","1.0","2","46","0","0","2","46","","False",""
"Init_Reuse_0.0_Mut_0","pytutils.tlds","1615364098673725774","344","121124197832","0.9166666666666666","5","28","4","25","1","3","","",""
"Init_Reuse_0.9_Mut_4","pytutils.tlds","1615364990503678803","246","121181953347","0.9166666666666666","8","56","8","56","0","0","","False",""
"Init_Reuse_0.3_Mut_8","pytutils.pretty","1615365073014034225","214","122853420809","0.6470588235294118","7","37","7","37","0","0","","False",""
"Init_Reuse_0.5_Mut_4","pytutils.path","1615364744089740370","161","121653733980","0.25","10","188","0","0","10","188","","False",""
"Init_Reuse_0.7_Mut_0","pytutils.debug","1615364431159431201","0","8383789773","1.0","9","178","0","0","9","178","","False",""
"Init_Reuse_0.5_Mut_4","pytutils.memo","1615364754819816237","378","123685019551","0.25","5","31","5","31","0","0","","False",""
"Init_Reuse_0.3_Mut_0","pytutils.meth","1615364211824327204","0","5404091302","1.0","2","11","2","11","0","0","","False",""
"Init_Reuse_0.9_Mut_4","pytutils.env","1615365009567779933","311","121013213492","0.5","1","19","1","19","0","0","","False",""
"Init_Reuse_0.5_Mut_4","pytutils.lazy.lazy_import","1615364747136245447","144","122024906353","0.4224137931034483","12","88","12","88","0","0","","False",""
"Init_Reuse_0.7_Mut_8","pytutils.tlds","1615365350170590180","254","121119932696","0.9166666666666666","9","54","8","48","1","6","","False",""
"Init_Reuse_0.9_Mut_4","pytutils.iters","1615365004419921413","354","121319070361","0.26666666666666666","2","23","2","23","0","0","","False",""
"Init_Reuse_0.7_Mut_0","pytutils.urls","1615364431174354428","258","121190145758","0.75","9","38","9","38","0","0","","False",""
"Init_Reuse_0.9_Mut_0","pytutils.memo","1615364555657770094","205","123974342446","0.25","9","37","9","37","0","0","","False",""
"Init_Reuse_0.3_Mut_4","pytutils.props","1615364677157929613","182","121274261957","0.6470588235294118","10","75","10","75","0","0","","False",""
"Init_Reuse_0.9_Mut_0","pytutils.trees","1615364537312307955","219","121471643824","0.75","8","62","8","62","0","0","","False",""
"Init_Reuse_0.5_Mut_0","pytutils.urls","1615364298548487390","411","122548242779","0.75","3","16","3","16","0","0","","False",""
"Init_Reuse_0.3_Mut_0","pytutils.path","1615364211826578032","176","121831942170","0.25","5","102","0","0","5","102","","False",""
"Init_Reuse_0.9_Mut_8","pytutils.path","1615365407666293083","200","121576454620","0.25","7","127","0","0","7","127","","False",""
"Init_Reuse_0.7_Mut_0","pytutils.lazy.simple_import","1615364471074394017","327","124863048112","0.6","2","34","0","0","2","34","","False",""
"Init_Reuse_0.0_Mut_0","pytutils.files","1615364089375056726","180","121775432680","0.2413793103448276","10","122","9","112","1","10","","",""
"Init_Reuse_0.3_Mut_0","pytutils.rand","1615364200469901077","0","4480851892","1.0","6","13","6","13","0","0","","False",""
"Init_Reuse_0.3_Mut_8","pytutils.path","1615365090335239550","186","121810428932","0.25","4","111","0","0","4","111","","False",""
"Init_Reuse_0.7_Mut_4","pytutils.pythree","1615364864561900262","269","121089556059","0.42857142857142855","6","32","6","32","0","0","","False",""
"Init_Reuse_0.5_Mut_8","pytutils.trees","1615365190470562844","190","121160605800","0.75","9","62","9","62","0","0","","False",""
"Init_Reuse_0.7_Mut_8","pytutils.lazy.lazy_import","1615365315821762267","131","122815166243","0.4224137931034483","12","114","12","114","0","0","","False",""
"Init_Reuse_0.3_Mut_0","pytutils.trees","1615364200758723910","197","121401789362","0.75","7","70","7","70","0","0","","False",""
"Init_Reuse_0.5_Mut_8","pytutils.iters","1615365195348613628","229","121105325091","0.26666666666666666","2","47","1","9","1","38","","False",""
"Init_Reuse_0.9_Mut_0","pytutils.excs","1615364534004904553","199","121788357076","0.16666666666666666","3","75","0","0","3","75","","False",""
"Init_Reuse_0.7_Mut_8","pytutils.sets","1615365336016149492","155","121377024916","0.6666666666666666","8","88","8","88","0","0","","False",""
"Init_Reuse_0.5_Mut_4","pytutils.pythree","1615364738044183534","205","121277465619","0.42857142857142855","9","64","9","64","0","0","","False",""
"Init_Reuse_0.7_Mut_0","pytutils.mappings","1615364412928009132","102","122167706746","0.6","19","318","19","318","0","0","","False",""
"Init_Reuse_0.9_Mut_8","pytutils.timers","1615365426607047936","0","6399923510","1.0","5","72","4","66","1","6","","False",""
"Init_Reuse_0.9_Mut_8","pytutils.meth","1615365410696962316","0","5504363491","1.0","7","33","7","33","0","0","","False",""
"Init_Reuse_0.7_Mut_0","pytutils.memo","1615364473226325594","210","123931104279","0.25","10","63","10","63","0","0","","False",""
"Init_Reuse_0.0_Mut_0","pytutils.urls","1615364089383132790","183","121676329530","0.75","10","53","10","53","0","0","","",""
"Init_Reuse_0.9_Mut_8","pytutils.tlds","1615365402582743451","18","11621087528","1.0","5","36","5","36","0","0","","False",""
"Init_Reuse_0.7_Mut_8","pytutils.iters","1615365314953511636","261","121829545663","0.26666666666666666","5","58","4","55","1","3","","False",""
"Init_Reuse_0.3_Mut_8","pytutils.debug","1615365070872524711","0","7209646771","1.0","3","62","0","0","3","62","","False",""
"Init_Reuse_0.5_Mut_8","pytutils.sets","1615365212787921174","179","121699956441","0.6666666666666666","7","70","7","70","0","0","","False",""
