"ConfigurationId","TargetModule","RandomSeed","AlgorithmIterations","TotalTime","Coverage","Size","Length","FailingSize","FailingLength","PassingSize","PassingLength","CollectedTestCases","SuitableTestModule","FoundTestCases"
"Init_Reuse_0.5_Mut_8","pytutils.files","1615375653065483991","235","121421617818","0.3103448275862069","6","65","4","49","2","16","","False",""
"Init_Reuse_0.9_Mut_0","pytutils.timers","1615374986705046639","0","6784530409","1.0","10","139","8","115","2","24","","False",""
"Init_Reuse_0.3_Mut_0","pytutils.env","1615374612643925935","181","122131871287","0.5","7","61","7","61","0","0","","False",""
"Init_Reuse_0.7_Mut_4","pytutils.env","1615375317246959628","246","121689171836","0.5","6","51","6","51","0","0","","False",""
"Init_Reuse_0.3_Mut_0","pytutils.lazy.lazy_regex","1615374654580018696","221","121758516785","0.6041666666666666","8","67","8","67","0","0","","False",""
"Init_Reuse_0.7_Mut_4","pytutils.files","1615375326996871697","180","121585426753","0.2413793103448276","7","71","6","66","1","5","","False",""
"Init_Reuse_0.9_Mut_0","pytutils.pythree","1615374963320955336","301","122439479120","0.42857142857142855","4","28","4","28","0","0","","False",""
"Init_Reuse_0.5_Mut_4","pytutils.meth","1615375182492414577","0","5671088854","1.0","6","34","6","34","0","0","","False",""
"Init_Reuse_0.3_Mut_8","pytutils.excs","1615375542551010616","142","122262192218","0.16666666666666666","4","96","0","0","4","96","","False",""
"Init_Reuse_0.9_Mut_4","pytutils.lazy.simple_import","1615375416363016202","185","121670259663","0.6","5","114","0","0","5","114","","False",""
"Init_Reuse_0.3_Mut_0","pytutils.memo","1615374670123913238","224","121918327856","0.25","8","44","8","44","0","0","","False",""
"Init_Reuse_0.7_Mut_0","pytutils.log","1615374869815270655","248","125551971968","0.8235294117647058","8","66","8","66","0","0","","False",""
"Init_Reuse_0.7_Mut_0","pytutils.sets","1615374869815122041","165","124584560252","0.6666666666666666","8","69","8","69","0","0","","False",""
"Init_Reuse_0.5_Mut_8","pytutils.urls","1615375646238875605","303","120955508662","0.75","5","26","5","26","0","0","","False",""
"Init_Reuse_0.5_Mut_4","pytutils.files","1615375182605709541","200","121199689692","0.3103448275862069","8","84","5","51","3","33","","False",""
"Init_Reuse_0.3_Mut_8","pytutils.lazy.simple_import","1615375532314048244","217","121419162244","0.6","6","107","0","0","6","107","","False",""
"Init_Reuse_0.9_Mut_4","pytutils.pretty","1615375416363675737","201","121171135261","0.6470588235294118","10","52","10","52","0","0","","False",""
"Init_Reuse_0.5_Mut_0","pytutils.meth","1615374692652060495","0","5464556614","1.0","5","22","5","22","0","0","","False",""
"Init_Reuse_0.9_Mut_8","pytutils.rand","1615375894239096289","0","5020123046","1.0","4","10","4","10","0","0","","False",""
"Init_Reuse_0.3_Mut_8","pytutils.trees","1615375538105240205","170","121304503242","0.75","9","96","9","96","0","0","","False",""
"Init_Reuse_0.5_Mut_8","pytutils.timers","1615375676515995724","0","7018409818","1.0","3","33","2","16","1","17","","False",""
"Init_Reuse_0.7_Mut_8","pytutils.path","1615375761618586627","134","122154200432","0.25","10","260","0","0","10","260","","False",""
"Init_Reuse_0.3_Mut_8","pytutils.files","1615375554593159586","151","121959388574","0.2413793103448276","9","114","8","85","1","29","","False",""
"Init_Reuse_0.7_Mut_0","pytutils.meth","1615374846294297080","0","5197296547","1.0","10","46","10","46","0","0","","False",""
"Init_Reuse_0.9_Mut_8","pytutils.sets","1615375878982325288","166","121880348641","0.6666666666666666","9","68","8","59","1","9","","False",""
"Init_Reuse_0.9_Mut_0","pytutils.pretty","1615374962503978207","291","121746227807","0.6470588235294118","7","33","7","33","0","0","","False",""
"Init_Reuse_0.7_Mut_8","pytutils.meth","1615375765297677018","0","8138966668","1.0","8","38","8","38","0","0","","False",""
"Init_Reuse_0.7_Mut_4","pytutils.excs","1615375297625169671","169","122008537866","0.16666666666666666","1","39","0","0","1","39","","False",""
"Init_Reuse_0.5_Mut_8","pytutils.lazy.simple_import","1615375666053306810","311","121213286174","0.6","3","47","0","0","3","47","","False",""
"Init_Reuse_0.7_Mut_0","pytutils.env","1615374846273303428","276","121090468808","0.5","10","59","7","42","3","17","","False",""
"Init_Reuse_0.9_Mut_8","pytutils.lazy.lazy_import","1615375861105459289","193","121580595371","0.4224137931034483","10","90","10","90","0","0","","False",""
"Init_Reuse_0.3_Mut_4","pytutils.timers","1615375095721065315","0","5987202559","1.0","8","113","5","77","3","36","","False",""
"Init_Reuse_0.9_Mut_0","pytutils.lazy.lazy_import","1615374959550194831","170","122257852101","0.4224137931034483","14","119","13","107","1","12","","False",""
"Init_Reuse_0.5_Mut_0","pytutils.path","1615374692494533361","254","121458881333","0.25","5","77","0","0","5","77","","False",""
"Init_Reuse_0.9_Mut_0","pytutils.log","1615375003977645835","153","125846750130","0.7647058823529411","11","78","11","78","0","0","","False",""
"Init_Reuse_0.3_Mut_0","pytutils.python","1615374614592683572","220","121210433509","0.3","2","43","0","0","2","43","","False",""
"Init_Reuse_0.3_Mut_8","pytutils.sets","1615375535414771165","187","121718499255","0.6666666666666666","5","53","5","53","0","0","","False",""
"Init_Reuse_0.7_Mut_4","pytutils.lazy.lazy_regex","1615375313466517217","211","121315150030","0.6041666666666666","9","75","8","72","1","3","","False",""
"Init_Reuse_0.5_Mut_0","pytutils.memo","1615374736449477766","214","121503906617","0.25","10","57","10","57","0","0","","False",""
"Init_Reuse_0.3_Mut_4","pytutils.lazy.lazy_import","1615375107444411225","170","121865553252","0.43103448275862066","13","108","12","94","1","14","","False",""
"Init_Reuse_0.9_Mut_8","pytutils.files","1615375866061037211","217","121324781961","0.2413793103448276","6","58","6","58","0","0","","False",""
"Init_Reuse_0.5_Mut_8","pytutils.lazy.lazy_regex","1615375659295840455","183","121480700768","0.6041666666666666","8","70","8","70","0","0","","False",""
"Init_Reuse_0.7_Mut_4","pytutils.timers","1615375335744115800","0","7986722019","1.0","9","129","6","91","3","38","","False",""
"Init_Reuse_0.3_Mut_8","pytutils.urls","1615375553234228583","247","122367488280","0.75","9","52","9","52","0","0","","False",""
"Init_Reuse_0.5_Mut_8","pytutils.meth","1615375653261805722","0","5529134962","1.0","9","43","9","43","0","0","","False",""
"Init_Reuse_0.7_Mut_8","pytutils.memo","1615375781870635091","307","121153426874","0.25","5","28","5","28","0","0","","False",""
"Init_Reuse_0.9_Mut_0","pytutils.iters","1615374993497370676","342","121463456627","0.26666666666666666","4","38","4","38","0","0","","False",""
"Init_Reuse_0.3_Mut_4","pytutils.lazy.lazy_regex","1615375130163474013","252","122598736931","0.6041666666666666","6","49","6","49","0","0","","False",""
"Init_Reuse_0.5_Mut_0","pytutils.env","1615374765565870539","234","123457173859","0.5","6","61","5","48","1","13","","False",""
"Init_Reuse_0.7_Mut_8","pytutils.lazy.lazy_regex","1615375781870549830","180","121412788701","0.6041666666666666","11","87","11","87","0","0","","False",""
"Init_Reuse_0.5_Mut_4","pytutils.python","1615375198650089589","206","121570312147","0.3","7","107","0","0","7","107","","False",""
"Init_Reuse_0.9_Mut_0","pytutils.rand","1615375011071970346","0","5606177853","1.0","2","4","2","4","0","0","","False",""
"Init_Reuse_0.0_Mut_0","pytutils.pythree","1615374525717669766","221","121288625673","0.42857142857142855","7","49","7","49","0","0","","",""
"Init_Reuse_0.9_Mut_8","pytutils.pretty","1615375869557141584","194","121238328477","0.6470588235294118","10","60","10","60","0","0","","False",""
"Init_Reuse_0.5_Mut_0","pytutils.lazy.simple_import","1615374747677362906","192","121373365574","0.6","3","84","0","0","3","84","","False",""
"Init_Reuse_0.0_Mut_0","pytutils.lazy.lazy_import","1615374511518806925","115","121675577881","0.4224137931034483","14","126","13","119","1","7","","",""
"Init_Reuse_0.9_Mut_8","pytutils.iters","1615375894239517000","191","121612760049","0.26666666666666666","8","59","6","40","2","19","","False",""
"Init_Reuse_0.5_Mut_8","pytutils.memo","1615375657124129434","224","121525874264","0.25","7","39","7","39","0","0","","False",""
"Init_Reuse_0.3_Mut_8","pytutils.python","1615375561442753711","148","122238572985","0.3","6","152","0","0","6","152","","False",""
"Init_Reuse_0.7_Mut_8","pytutils.env","1615375766048995300","321","121844137575","0.5","5","37","4","30","1","7","","False",""
"Init_Reuse_0.0_Mut_0","pytutils.log","1615374511518745922","182","121567216363","0.7647058823529411","10","54","10","54","0","0","","",""
"Init_Reuse_0.7_Mut_0","pytutils.pythree","1615374853882355660","403","121074118735","0.42857142857142855","3","17","3","17","0","0","","False",""
"Init_Reuse_0.9_Mut_4","pytutils.rand","1615375425325431957","0","5051283791","1.0","8","22","8","22","0","0","","False",""
"Init_Reuse_0.7_Mut_8","pytutils.props","1615375807400373428","290","121088183577","0.6470588235294118","9","68","8","62","1","6","","False",""
"Init_Reuse_0.5_Mut_4","pytutils.sets","1615375174790631920","235","122066898546","0.6666666666666666","5","46","5","46","0","0","","False",""
"Init_Reuse_0.9_Mut_4","pytutils.meth","1615375447861278661","0","5783718114","1.0","6","28","6","28","0","0","","False",""
"Init_Reuse_0.7_Mut_8","pytutils.excs","1615375802932479311","173","121468971769","0.16666666666666666","2","55","0","0","2","55","","False",""
"Init_Reuse_0.5_Mut_4","pytutils.lazy.simple_import","1615375216505375408","206","125069648438","0.6","4","104","0","0","4","104","","False",""
"Init_Reuse_0.3_Mut_4","pytutils.mappings","1615375127777004107","99","125138950776","0.632","15","257","15","257","0","0","","False",""
"Init_Reuse_0.0_Mut_0","pytutils.env","1615374505233006921","225","121179349033","0.5","10","65","9","58","1","7","","",""
"Init_Reuse_0.3_Mut_0","pytutils.timers","1615374655000841217","0","6013376162","1.0","6","63","5","55","1","8","","False",""
"Init_Reuse_0.3_Mut_4","pytutils.env","1615375053439341151","224","121026927438","0.5","8","48","6","39","2","9","","False",""
"Init_Reuse_0.5_Mut_0","pytutils.pythree","1615374753193819535","355","127003765946","0.42857142857142855","4","23","4","23","0","0","","False",""
"Init_Reuse_0.5_Mut_0","pytutils.excs","1615374721641433183","208","121949504695","0.16666666666666666","8","139","0","0","8","139","","False",""
"Init_Reuse_0.3_Mut_4","pytutils.python","1615375052649837774","132","123365773538","0.3","10","230","0","0","10","230","","False",""
"Init_Reuse_0.3_Mut_0","pytutils.lazy.simple_import","1615374644069701395","217","121581646381","0.6","1","37","0","0","1","37","","False",""
"Init_Reuse_0.5_Mut_0","pytutils.files","1615374692681073600","204","121450623713","0.3448275862068966","9","69","9","69","0","0","","False",""
"Init_Reuse_0.9_Mut_0","pytutils.mappings","1615375011096425902","92","122167207546","0.648","19","289","19","289","0","0","","False",""
"Init_Reuse_0.3_Mut_0","pytutils.debug","1615374607161970259","0","7487269054","1.0","2","57","0","0","2","57","","False",""
"Init_Reuse_0.3_Mut_8","pytutils.lazy.lazy_regex","1615375537353874481","214","121370422417","0.6041666666666666","10","75","9","58","1","17","","False",""
"Init_Reuse_0.7_Mut_4","pytutils.sets","1615375318384310090","143","121766817362","0.6666666666666666","10","93","10","93","0","0","","False",""
"Init_Reuse_0.5_Mut_8","pytutils.pythree","1615375675473469849","218","121629507058","0.42857142857142855","8","52","8","52","0","0","","False",""
"Init_Reuse_0.7_Mut_8","pytutils.files","1615375760159492314","150","121863707242","0.3103448275862069","11","153","10","148","1","5","","False",""
"Init_Reuse_0.7_Mut_4","pytutils.tlds","1615375297624860589","178","121170660800","0.9166666666666666","9","53","8","48","1","5","","False",""
"Init_Reuse_0.5_Mut_8","pytutils.lazy.lazy_import","1615375666054191968","132","122326170514","0.43103448275862066","14","109","13","102","1","7","","False",""
"Init_Reuse_0.7_Mut_0","pytutils.iters","1615374844727816442","226","121610860359","0.26666666666666666","8","98","5","73","3","25","","False",""
"Init_Reuse_0.3_Mut_4","pytutils.pythree","1615375080056380288","343","121066155650","0.42857142857142855","3","16","3","16","0","0","","False",""
"Init_Reuse_0.9_Mut_8","pytutils.lazy.simple_import","1615375876753157639","154","121789972851","0.6","9","204","0","0","9","204","","False",""
"Init_Reuse_0.9_Mut_0","pytutils.lazy.simple_import","1615374962801338254","234","121005770794","0.6","1","36","0","0","1","36","","False",""
"Init_Reuse_0.7_Mut_8","pytutils.urls","1615375765731994610","244","121223076277","0.75","10","49","10","49","0","0","","False",""
"Init_Reuse_0.3_Mut_8","pytutils.meth","1615375551869463745","0","6284200713","1.0","9","44","9","44","0","0","","False",""
"Init_Reuse_0.7_Mut_4","pytutils.props","1615375297005969206","267","121016510982","0.6470588235294118","4","30","4","30","0","0","","False",""
"Init_Reuse_0.7_Mut_0","pytutils.files","1615374846254746141","160","121297829589","0.3103448275862069","10","117","9","106","1","11","","False",""
"Init_Reuse_0.9_Mut_8","pytutils.memo","1615375879977711551","199","121789978534","0.25","10","66","10","66","0","0","","False",""
"Init_Reuse_0.9_Mut_0","pytutils.tlds","1615374963419317103","10","11258521861","1.0","3","34","3","34","0","0","","False",""
"Init_Reuse_0.9_Mut_8","pytutils.env","1615375892969219491","212","121578165740","0.5","7","57","7","57","0","0","","False",""
"Init_Reuse_0.5_Mut_0","pytutils.iters","1615374763614121202","219","123791848961","0.26666666666666666","2","57","2","57","0","0","","False",""
"Init_Reuse_0.9_Mut_4","pytutils.timers","1615375409087288883","0","6351464074","1.0","10","124","3","29","7","95","","False",""
"Init_Reuse_0.3_Mut_8","pytutils.log","1615375565140773899","215","121415620366","0.7941176470588235","8","44","8","44","0","0","","False",""
"Init_Reuse_0.0_Mut_0","pytutils.python","1615374506804560070","201","121781518776","0.3","4","70","0","0","4","70","","",""
"Init_Reuse_0.7_Mut_0","pytutils.lazy.lazy_regex","1615374871299703745","257","122480031545","0.6041666666666666","9","70","7","63","2","7","","False",""
"Init_Reuse_0.5_Mut_8","pytutils.debug","1615375646225365831","0","9137244979","1.0","2","27","0","0","2","27","","False",""
"Init_Reuse_0.5_Mut_4","pytutils.path","1615375177999017171","211","121597214769","0.25","9","142","0","0","9","142","","False",""
"Init_Reuse_0.3_Mut_8","pytutils.pretty","1615375534488183772","184","121658931397","0.6470588235294118","8","39","8","39","0","0","","False",""
"Init_Reuse_0.9_Mut_4","pytutils.tlds","1615375415518673174","233","121284146856","0.9166666666666666","7","51","5","40","2","11","","False",""
"Init_Reuse_0.5_Mut_4","pytutils.iters","1615375184783709953","341","121448168902","0.26666666666666666","2","25","2","25","0","0","","False",""
"Init_Reuse_0.3_Mut_8","pytutils.tlds","1615375542265749910","5","7869934301","1.0","7","46","5","40","2","6","","False",""
"Init_Reuse_0.3_Mut_0","pytutils.lazy.lazy_import","1615374653687343775","126","121843182749","0.43103448275862066","11","110","11","110","0","0","","False",""
"Init_Reuse_0.9_Mut_4","pytutils.lazy.lazy_import","1615375416322778350","133","122206265508","0.4396551724137931","16","117","15","109","1","8","","False",""
"Init_Reuse_0.7_Mut_0","pytutils.trees","1615374871287458868","166","122460177960","0.75","10","94","10","94","0","0","","False",""
"Init_Reuse_0.3_Mut_0","pytutils.sets","1615374670606042437","179","122043194802","0.6666666666666666","6","70","6","70","0","0","","False",""
"Init_Reuse_0.7_Mut_4","pytutils.meth","1615375311224659483","0","5753194402","1.0","1","4","1","4","0","0","","False",""
"Init_Reuse_0.5_Mut_8","pytutils.path","1615375645512187432","242","121367526013","0.25","7","100","0","0","7","100","","False",""
"Init_Reuse_0.3_Mut_0","pytutils.iters","1615374612744298390","189","121814499696","0.26666666666666666","8","112","6","73","2","39","","False",""
"Init_Reuse_0.7_Mut_4","pytutils.iters","1615375312473783549","178","122301660967","0.26666666666666666","10","72","7","46","3","26","","False",""
"Init_Reuse_0.5_Mut_0","pytutils.props","1615374723306390050","257","121285648822","0.6470588235294118","7","66","7","66","0","0","","False",""
"Init_Reuse_0.3_Mut_4","pytutils.debug","1615375057600656295","0","8373188924","1.0","5","124","0","0","5","124","","False",""
"Init_Reuse_0.3_Mut_0","pytutils.pretty","1615374652570065968","229","121752295865","0.6470588235294118","6","33","6","33","0","0","","False",""
"Init_Reuse_0.3_Mut_0","pytutils.pythree","1615374654999626886","301","120966213296","0.42857142857142855","7","42","7","42","0","0","","False",""
"Init_Reuse_0.3_Mut_4","pytutils.iters","1615375046063281675","189","121602237053","0.26666666666666666","10","128","7","86","3","42","","False",""
"Init_Reuse_0.9_Mut_4","pytutils.iters","1615375425245649967","204","121492229302","0.26666666666666666","7","78","6","58","1","20","","False",""
"Init_Reuse_0.7_Mut_8","pytutils.tlds","1615375803378904004","219","121062214582","0.9166666666666666","11","50","11","50","0","0","","False",""
"Init_Reuse_0.5_Mut_4","pytutils.lazy.lazy_import","1615375217213276465","167","124375485973","0.43103448275862066","11","99","11","99","0","0","","False",""
"Init_Reuse_0.3_Mut_4","pytutils.rand","1615375084777816585","0","4562153671","1.0","9","27","9","27","0","0","","False",""
"Init_Reuse_0.0_Mut_0","pytutils.rand","1615374511965337095","0","4168667860","1.0","4","10","4","10","0","0","","",""
"Init_Reuse_0.7_Mut_0","pytutils.props","1615374854627611787","202","121327363283","0.6470588235294118","7","55","7","55","0","0","","False",""
"Init_Reuse_0.0_Mut_0","pytutils.mappings","1615374511965765695","97","122465460136","0.6","18","262","18","262","0","0","","",""
"Init_Reuse_0.7_Mut_0","pytutils.timers","1615374854588878263","0","6881464960","1.0","10","120","9","85","1","35","","False",""
"Init_Reuse_0.9_Mut_4","pytutils.env","1615375424952682064","240","121229725569","0.5","6","49","6","49","0","0","","False",""
"Init_Reuse_0.5_Mut_4","pytutils.memo","1615375226013234767","183","125943031010","0.25","10","60","10","60","0","0","","False",""
"Init_Reuse_0.5_Mut_0","pytutils.lazy.lazy_import","1615374738748481626","128","121516295259","0.4224137931034483","14","99","12","92","2","7","","False",""
"Init_Reuse_0.9_Mut_8","pytutils.tlds","1615375869892956321","313","121010153651","0.9166666666666666","7","44","6","35","1","9","","False",""
"Init_Reuse_0.0_Mut_0","pytutils.lazy.simple_import","1615374493916560336","169","121708999771","0.6","9","189","0","0","9","189","","",""
"Init_Reuse_0.9_Mut_8","pytutils.meth","1615375895464724840","0","5541394528","1.0","6","32","6","32","0","0","","False",""
"Init_Reuse_0.5_Mut_8","pytutils.sets","1615375677155478830","127","122968739091","0.6666666666666666","9","95","9","95","0","0","","False",""
"Init_Reuse_0.3_Mut_8","pytutils.debug","1615375553235709091","0","11038456836","1.0","8","130","0","0","8","130","","False",""
"Init_Reuse_0.7_Mut_8","pytutils.iters","1615375764548252083","332","121955093974","0.26666666666666666","2","29","1","5","1","24","","False",""
"Init_Reuse_0.5_Mut_4","pytutils.pythree","1615375228687160053","264","121084205431","0.42857142857142855","6","34","6","34","0","0","","False",""
"Init_Reuse_0.7_Mut_8","pytutils.sets","1615375777246599553","176","122002987725","0.6666666666666666","6","83","6","83","0","0","","False",""
"Init_Reuse_0.9_Mut_0","pytutils.env","1615374967931168070","210","121318257658","0.5","6","48","6","48","0","0","","False",""
"Init_Reuse_0.9_Mut_8","pytutils.timers","1615375890138226787","0","5291346600","1.0","8","84","6","51","2","33","","False",""
"Init_Reuse_0.5_Mut_8","pytutils.iters","1615375653065481214","359","121111461960","0.26666666666666666","4","23","4","23","0","0","","False",""
"Init_Reuse_0.7_Mut_8","pytutils.lazy.lazy_import","1615375781611532223","147","122020375410","0.4396551724137931","13","107","12","100","1","7","","False",""
"Init_Reuse_0.9_Mut_0","pytutils.meth","1615374991423093873","0","4548918693","1.0","4","18","4","18","0","0","","False",""
"Init_Reuse_0.3_Mut_4","pytutils.sets","1615375128505667176","193","123264493238","0.6666666666666666","7","45","7","45","0","0","","False",""
"Init_Reuse_0.5_Mut_0","pytutils.rand","1615374765750744736","0","6496209044","1.0","6","16","6","16","0","0","","False",""
"Init_Reuse_0.0_Mut_0","pytutils.timers","1615374518726127036","0","6115006298","1.0","10","106","7","60","3","46","","",""
"Init_Reuse_0.9_Mut_0","pytutils.python","1615374997482094990","158","122965399600","0.3","4","107","0","0","4","107","","False",""
"Init_Reuse_0.5_Mut_0","pytutils.sets","1615374734312583182","147","121274968791","0.6666666666666666","9","90","9","90","0","0","","False",""
"Init_Reuse_0.3_Mut_4","pytutils.memo","1615375107445095352","208","121795849544","0.25","10","54","9","52","1","2","","False",""
"Init_Reuse_0.9_Mut_8","pytutils.path","1615375865933132916","350","120941037400","0.25","2","29","0","0","2","29","","False",""
"Init_Reuse_0.5_Mut_8","pytutils.trees","1615375658808710873","197","121407863711","0.75","7","82","7","82","0","0","","False",""
"Init_Reuse_0.7_Mut_4","pytutils.pythree","1615375333915858443","314","123409727874","0.42857142857142855","5","29","5","29","0","0","","False",""
"Init_Reuse_0.3_Mut_8","pytutils.path","1615375553240138040","186","122637410572","0.25","6","130","0","0","6","130","","False",""
"Init_Reuse_0.5_Mut_4","pytutils.props","1615375220587884558","299","121253408264","0.6470588235294118","6","46","6","46","0","0","","False",""
"Init_Reuse_0.3_Mut_4","pytutils.meth","1615375056376637746","0","6069007532","1.0","10","49","10","49","0","0","","False",""
"Init_Reuse_0.3_Mut_4","pytutils.urls","1615375057868664943","481","121049026152","0.75","2","10","2","10","0","0","","False",""
"Init_Reuse_0.5_Mut_0","pytutils.pretty","1615374719919266593","184","122471764470","0.6470588235294118","10","54","10","54","0","0","","False",""
"Init_Reuse_0.0_Mut_0","pytutils.memo","1615374511978173946","208","121480728421","0.25","8","44","8","44","0","0","","",""
"Init_Reuse_0.9_Mut_4","pytutils.lazy.lazy_regex","1615375414775657221","187","121760537017","0.6041666666666666","9","92","9","92","0","0","","False",""
"Init_Reuse_0.3_Mut_0","pytutils.tlds","1615374652557941534","367","121064764449","0.9166666666666666","3","30","3","30","0","0","","False",""
"Init_Reuse_0.0_Mut_0","pytutils.lazy.lazy_regex","1615374506083308149","190","121341593910","0.6041666666666666","11","86","10","83","1","3","","",""
"Init_Reuse_0.7_Mut_4","pytutils.python","1615375333104884394","173","122230948960","0.3","6","129","0","0","6","129","","False",""
"Init_Reuse_0.7_Mut_8","pytutils.pythree","1615375807412070142","201","121287526048","0.42857142857142855","8","53","8","53","0","0","","False",""
"Init_Reuse_0.9_Mut_4","pytutils.log","1615375434383067976","221","121634018596","0.7941176470588235","10","49","10","49","0","0","","False",""
"Init_Reuse_0.5_Mut_4","pytutils.trees","1615375174669343666","226","121391421224","0.75","5","41","5","41","0","0","","False",""
"Init_Reuse_0.7_Mut_8","pytutils.pretty","1615375800875153405","161","121122709884","0.6470588235294118","9","49","9","49","0","0","","False",""
"Init_Reuse_0.9_Mut_4","pytutils.path","1615375450286331507","195","123275454803","0.25","8","127","0","0","8","127","","False",""
"Init_Reuse_0.5_Mut_4","pytutils.tlds","1615375220587905690","260","121241593163","0.9166666666666666","8","45","8","45","0","0","","False",""
"Init_Reuse_0.7_Mut_0","pytutils.excs","1615374873038031516","183","121995693548","0.16666666666666666","3","76","0","0","3","76","","False",""
"Init_Reuse_0.0_Mut_0","pytutils.meth","1615374506805061298","0","6548525138","1.0","9","41","9","41","0","0","","",""
"Init_Reuse_0.5_Mut_4","pytutils.timers","1615375227191056157","0","7823837886","1.0","10","137","7","81","3","56","","False",""
"Init_Reuse_0.7_Mut_8","pytutils.log","1615375746096515669","146","121525712589","0.7941176470588235","10","84","10","84","0","0","","False",""
"Init_Reuse_0.9_Mut_8","pytutils.pythree","1615375869331577659","377","120979820656","0.42857142857142855","2","14","2","14","0","0","","False",""
"Init_Reuse_0.0_Mut_0","pytutils.props","1615374525717612340","157","121680892340","0.6470588235294118","10","86","9","84","1","2","","",""
"Init_Reuse_0.9_Mut_8","pytutils.excs","1615375868685294372","416","121256045335","0.16666666666666666","1","11","0","0","1","11","","False",""
"Init_Reuse_0.3_Mut_4","pytutils.excs","1615375112418357813","156","122570965895","0.16666666666666666","7","174","0","0","7","174","","False",""
"Init_Reuse_0.0_Mut_0","pytutils.pretty","1615374494427567064","188","121188120142","0.6470588235294118","7","49","7","49","0","0","","",""
"Init_Reuse_0.7_Mut_8","pytutils.mappings","1615375745824267094","105","122625683831","0.576","17","212","14","180","3","32","","False",""
"Init_Reuse_0.9_Mut_0","pytutils.debug","1615374997479341994","0","9753379293","1.0","5","114","0","0","5","114","","False",""
"Init_Reuse_0.3_Mut_4","pytutils.pretty","1615375097263902395","186","121574209857","0.6470588235294118","9","56","9","56","0","0","","False",""
"Init_Reuse_0.5_Mut_0","pytutils.lazy.lazy_regex","1615374770047831652","165","122105861442","0.6041666666666666","12","92","11","90","1","2","","False",""
"Init_Reuse_0.9_Mut_8","pytutils.urls","1615375866124361260","338","121244071014","0.75","3","13","3","13","0","0","","False",""
"Init_Reuse_0.5_Mut_8","pytutils.log","1615375656380521519","218","121216543520","0.7941176470588235","7","59","7","59","0","0","","False",""
"Init_Reuse_0.5_Mut_8","pytutils.env","1615375662404605933","220","122423223322","0.5","9","83","9","83","0","0","","False",""
"Init_Reuse_0.9_Mut_0","pytutils.files","1615374997479058965","206","122734553067","0.2413793103448276","5","64","4","58","1","6","","False",""
"Init_Reuse_0.5_Mut_0","pytutils.mappings","1615374755531499246","99","123717406654","0.656","20","377","20","377","0","0","","False",""
"Init_Reuse_0.3_Mut_4","pytutils.log","1615375128500665368","183","123382156471","0.7647058823529411","10","49","10","49","0","0","","False",""
"Init_Reuse_0.7_Mut_4","pytutils.pretty","1615375297595390225","278","121447018233","0.6470588235294118","5","34","5","34","0","0","","False",""
"Init_Reuse_0.5_Mut_8","pytutils.tlds","1615375667871991099","20","14082316614","1.0","9","55","8","52","1","3","","False",""
"Init_Reuse_0.5_Mut_0","pytutils.python","1615374714495068703","121","122773516529","0.3","5","142","0","0","5","142","","False",""
"Init_Reuse_0.9_Mut_0","pytutils.sets","1615374979022114922","235","121045018290","0.6666666666666666","5","45","5","45","0","0","","False",""
"Init_Reuse_0.5_Mut_0","pytutils.debug","1615374715697260417","0","7786575253","1.0","7","90","0","0","7","90","","False",""
"Init_Reuse_0.9_Mut_0","pytutils.lazy.lazy_regex","1615374979021681422","169","121797399518","0.6041666666666666","12","113","11","95","1","18","","False",""
"Init_Reuse_0.3_Mut_0","pytutils.urls","1615374607236800056","274","122304999424","0.75","7","37","7","37","0","0","","False",""
"Init_Reuse_0.7_Mut_4","pytutils.memo","1615375318518958673","222","121317375532","0.25","9","50","9","50","0","0","","False",""
"Init_Reuse_0.5_Mut_8","pytutils.excs","1615375674373040498","281","122053326089","0.16666666666666666","4","58","0","0","4","58","","False",""
"Init_Reuse_0.7_Mut_0","pytutils.python","1615374876009712165","117","123227385963","0.3","8","221","0","0","8","221","","False",""
"Init_Reuse_0.9_Mut_8","pytutils.log","1615375895355708902","222","121479748198","0.7647058823529411","8","49","8","49","0","0","","False",""
"Init_Reuse_0.3_Mut_0","pytutils.files","1615374609898583056","253","121430946392","0.2413793103448276","3","39","3","39","0","0","","False",""
"Init_Reuse_0.3_Mut_8","pytutils.mappings","1615375565901755951","106","122282585400","0.632","15","239","13","199","2","40","","False",""
"Init_Reuse_0.7_Mut_8","pytutils.debug","1615375764375928522","0","9019576004","1.0","10","181","0","0","10","181","","False",""
"Init_Reuse_0.3_Mut_8","pytutils.iters","1615375569799854378","330","121226633800","0.26666666666666666","4","32","3","29","1","3","","False",""
"Init_Reuse_0.7_Mut_0","pytutils.path","1615374845714987175","219","121266365730","0.25","5","78","0","0","5","78","","False",""
"Init_Reuse_0.9_Mut_8","pytutils.trees","1615375895345060598","220","121398557440","0.75","8","73","8","73","0","0","","False",""
"Init_Reuse_0.5_Mut_4","pytutils.env","1615375182667030756","290","121312428770","0.5","4","35","4","35","0","0","","False",""
"Init_Reuse_0.9_Mut_4","pytutils.memo","1615375415518657546","214","121441652306","0.25","9","50","9","50","0","0","","False",""
"Init_Reuse_0.9_Mut_4","pytutils.debug","1615375431902793411","0","6353985538","1.0","4","74","0","0","4","74","","False",""
"Init_Reuse_0.7_Mut_0","pytutils.rand","1615374863303244713","0","4716670750","1.0","7","23","7","23","0","0","","False",""
"Init_Reuse_0.7_Mut_0","pytutils.lazy.lazy_import","1615374850418217053","146","122560124028","0.4482758620689655","15","119","12","85","3","34","","False",""
"Init_Reuse_0.0_Mut_0","pytutils.debug","1615374506449617160","0","7665394263","1.0","3","98","0","0","3","98","","",""
"Init_Reuse_0.5_Mut_8","pytutils.python","1615375647652620667","158","121757273568","0.3","4","103","0","0","4","103","","False",""
"Init_Reuse_0.3_Mut_8","pytutils.memo","1615375534633560394","274","121337365518","0.25","5","25","5","25","0","0","","False",""
"Init_Reuse_0.5_Mut_4","pytutils.urls","1615375182488876370","355","121169248635","0.75","5","24","5","24","0","0","","False",""
"Init_Reuse_0.9_Mut_4","pytutils.excs","1615375416888836900","143","122268904875","0.16666666666666666","5","152","0","0","5","152","","False",""
"Init_Reuse_0.7_Mut_4","pytutils.trees","1615375318203700522","168","121168839643","0.75","10","87","10","87","0","0","","False",""
"Init_Reuse_0.7_Mut_0","pytutils.pretty","1615374873760467763","180","121207507353","0.6470588235294118","8","49","8","49","0","0","","False",""
"Init_Reuse_0.0_Mut_0","pytutils.path","1615374506449956441","397","120955615293","0.25","1","15","0","0","1","15","","",""
"Init_Reuse_0.3_Mut_0","pytutils.mappings","1615374660873708734","99","122428544979","0.584","17","265","17","265","0","0","","False",""
"Init_Reuse_0.7_Mut_4","pytutils.mappings","1615375293803677704","104","122491916757","0.632","17","304","16","290","1","14","","False",""
"Init_Reuse_0.3_Mut_8","pytutils.timers","1615375552735625693","0","5936142617","1.0","1","24","1","24","0","0","","False",""
"Init_Reuse_0.5_Mut_4","pytutils.mappings","1615375174775477600","103","122325141301","0.56","19","272","16","222","3","50","","False",""
"Init_Reuse_0.3_Mut_0","pytutils.log","1615374652099146960","235","123777791948","0.7941176470588235","10","64","10","64","0","0","","False",""
"Init_Reuse_0.7_Mut_4","pytutils.urls","1615375321210078267","363","123609671452","0.75","4","18","4","18","0","0","","False",""
"Init_Reuse_0.9_Mut_0","pytutils.props","1615374962108959617","252","121489807353","0.6470588235294118","5","50","5","50","0","0","","False",""
"Init_Reuse_0.5_Mut_8","pytutils.rand","1615375625508494828","0","4905687740","1.0","9","20","9","20","0","0","","False",""
"Init_Reuse_0.9_Mut_0","pytutils.path","1615374997479333088","203","122575543667","0.25","6","108","0","0","6","108","","False",""
"Init_Reuse_0.5_Mut_0","pytutils.log","1615374752854446471","208","123032554536","0.7647058823529411","9","55","9","55","0","0","","False",""
"Init_Reuse_0.3_Mut_4","pytutils.trees","1615375128505408248","187","123185369191","0.75","8","62","7","55","1","7","","False",""
"Init_Reuse_0.9_Mut_8","pytutils.python","1615375886745294498","156","122276854964","0.3","10","211","0","0","10","211","","False",""
"Init_Reuse_0.9_Mut_0","pytutils.urls","1615374997479225513","215","122465112514","0.75","9","49","9","49","0","0","","False",""
"Init_Reuse_0.3_Mut_4","pytutils.lazy.simple_import","1615375107445516800","310","120995563584","0.6","2","32","0","0","2","32","","False",""
"Init_Reuse_0.5_Mut_0","pytutils.trees","1615374737601090475","159","122818945405","0.75","10","86","10","86","0","0","","False",""
"Init_Reuse_0.9_Mut_8","pytutils.debug","1615375888853657450","0","9421562060","1.0","1","20","0","0","1","20","","False",""
"Init_Reuse_0.5_Mut_8","pytutils.mappings","1615375685750980888","112","122436288155","0.624","21","298","17","275","4","23","","False",""
"Init_Reuse_0.3_Mut_4","pytutils.tlds","1615375097258683977","223","121116154670","0.9166666666666666","10","50","10","50","0","0","","False",""
"Init_Reuse_0.9_Mut_8","pytutils.props","1615375869792834972","198","121287921748","0.6470588235294118","10","86","10","86","0","0","","False",""
"Init_Reuse_0.0_Mut_0","pytutils.tlds","1615374493807485302","297","121321501957","0.9166666666666666","5","39","5","39","0","0","","",""
"Init_Reuse_0.7_Mut_8","pytutils.rand","1615375764556623458","0","7946871379","1.0","9","24","8","22","1","2","","False",""
"Init_Reuse_0.7_Mut_8","pytutils.trees","1615375777243665057","217","122177052700","0.75","6","36","5","35","1","1","","False",""
"Init_Reuse_0.0_Mut_0","pytutils.excs","1615374526075156077","269","126339814324","0.16666666666666666","3","47","0","0","3","47","","",""
"Init_Reuse_0.7_Mut_8","pytutils.lazy.simple_import","1615375800037509452","197","121645621008","0.6","8","149","0","0","8","149","","False",""
"Init_Reuse_0.9_Mut_4","pytutils.files","1615375447228019851","187","121476868667","0.2413793103448276","6","84","5","78","1","6","","False",""
"Init_Reuse_0.5_Mut_4","pytutils.pretty","1615375217274413430","167","124680603407","0.6470588235294118","9","55","9","55","0","0","","False",""
"Init_Reuse_0.7_Mut_0","pytutils.tlds","1615374874517184742","230","121636756909","0.9166666666666666","7","42","7","42","0","0","","False",""
"Init_Reuse_0.0_Mut_0","pytutils.iters","1615374511975423686","181","121389665637","0.26666666666666666","9","101","6","74","3","27","","",""
"Init_Reuse_0.0_Mut_0","pytutils.trees","1615374511965807127","172","121289506185","0.75","8","73","8","73","0","0","","",""
"Init_Reuse_0.7_Mut_4","pytutils.debug","1615375312107920787","0","10402498080","1.0","2","36","0","0","2","36","","False",""
"Init_Reuse_0.7_Mut_8","pytutils.timers","1615375801280183330","0","11876654538","1.0","8","100","5","58","3","42","","False",""
"Init_Reuse_0.9_Mut_4","pytutils.mappings","1615375435197107717","93","122257343088","0.568","17","300","15","256","2","44","","False",""
"Init_Reuse_0.5_Mut_4","pytutils.lazy.lazy_regex","1615375171955479778","212","121724080633","0.6041666666666666","9","62","8","58","1","4","","False",""
"Init_Reuse_0.3_Mut_4","pytutils.path","1615375057852751448","365","121138244065","0.25","4","34","0","0","4","34","","False",""
"Init_Reuse_0.5_Mut_0","pytutils.tlds","1615374723296401142","58","25447670497","1.0","7","31","5","26","2","5","","False",""
"Init_Reuse_0.0_Mut_0","pytutils.sets","1615374511977418110","161","121276522349","0.6666666666666666","6","71","6","71","0","0","","",""
"Init_Reuse_0.3_Mut_0","pytutils.excs","1615374652571013763","152","122345247844","0.16666666666666666","10","194","0","0","10","194","","False",""
"Init_Reuse_0.9_Mut_4","pytutils.trees","1615375414701406954","245","121498023416","0.75","7","49","7","49","0","0","","False",""
"Init_Reuse_0.3_Mut_0","pytutils.props","1615374652571512816","183","121351135485","0.6470588235294118","10","79","9","75","1","4","","False",""
"Init_Reuse_0.5_Mut_4","pytutils.excs","1615375220076066284","198","122434639773","0.16666666666666666","9","147","0","0","9","147","","False",""
"Init_Reuse_0.5_Mut_0","pytutils.timers","1615374762907068770","0","7682081379","1.0","2","41","1","4","1","37","","False",""
"Init_Reuse_0.3_Mut_4","pytutils.files","1615375056916652239","164","121926786700","0.2413793103448276","9","112","9","112","0","0","","False",""
"Init_Reuse_0.3_Mut_8","pytutils.pythree","1615375547434234358","213","121320975144","0.42857142857142855","9","54","9","54","0","0","","False",""
"Init_Reuse_0.5_Mut_4","pytutils.log","1615375174635546253","241","121152699149","0.7941176470588235","9","41","9","41","0","0","","False",""
"Init_Reuse_0.3_Mut_0","pytutils.trees","1615374657376729081","192","121783694770","0.75","8","64","8","64","0","0","","False",""
"Init_Reuse_0.9_Mut_4","pytutils.python","1615375431752516613","132","122204127179","0.3","3","90","0","0","3","90","","False",""
"Init_Reuse_0.7_Mut_4","pytutils.path","1615375326984581400","176","121738736130","0.25","3","94","0","0","3","94","","False",""
"Init_Reuse_0.9_Mut_0","pytutils.excs","1615374962250133622","202","121694438705","0.16666666666666666","4","100","0","0","4","100","","False",""
"Init_Reuse_0.7_Mut_0","pytutils.lazy.simple_import","1615374871280472425","278","121334453369","0.6","5","70","0","0","5","70","","False",""
"Init_Reuse_0.0_Mut_0","pytutils.files","1615374506806895048","175","121743082089","0.3103448275862069","8","121","7","110","1","11","","",""
"Init_Reuse_0.9_Mut_4","pytutils.pythree","1615375408852063293","301","121222908021","0.42857142857142855","6","37","6","37","0","0","","False",""
"Init_Reuse_0.3_Mut_0","pytutils.rand","1615374591297996917","0","4883591623","1.0","1","2","1","2","0","0","","False",""
"Init_Reuse_0.7_Mut_4","pytutils.rand","1615375293240696476","0","4435266074","1.0","4","12","4","12","0","0","","False",""
"Init_Reuse_0.7_Mut_0","pytutils.memo","1615374850584440504","224","122285681340","0.25","8","48","8","48","0","0","","False",""
"Init_Reuse_0.0_Mut_0","pytutils.urls","1615374506449936372","276","121214384953","0.75","8","36","8","36","0","0","","",""
"Init_Reuse_0.3_Mut_8","pytutils.lazy.lazy_import","1615375534432127896","156","121728102759","0.41379310344827586","13","111","13","111","0","0","","False",""
"Init_Reuse_0.5_Mut_4","pytutils.debug","1615375182475704164","0","7936887256","1.0","2","36","0","0","2","36","","False",""
"Init_Reuse_0.9_Mut_4","pytutils.props","1615375416997697818","257","121276392317","0.6470588235294118","6","40","5","38","1","2","","False",""
"Init_Reuse_0.7_Mut_4","pytutils.log","1615375293854249198","181","121400276767","0.7647058823529411","9","61","9","61","0","0","","False",""
"Init_Reuse_0.3_Mut_8","pytutils.props","1615375548385281139","271","121085875961","0.6470588235294118","6","49","6","49","0","0","","False",""
"Init_Reuse_0.5_Mut_4","pytutils.rand","1615375184627238344","0","4851943921","1.0","3","8","3","8","0","0","","False",""
"Init_Reuse_0.9_Mut_4","pytutils.sets","1615375416364066170","174","121260625309","0.6666666666666666","7","56","7","56","0","0","","False",""
"Init_Reuse_0.9_Mut_4","pytutils.urls","1615375453463190395","320","121614192883","0.75","5","30","5","30","0","0","","False",""
"Init_Reuse_0.7_Mut_0","pytutils.mappings","1615374871302904763","125","122955345799","0.592","15","238","14","228","1","10","","False",""
"Init_Reuse_0.7_Mut_8","pytutils.python","1615375772840691232","153","122568461203","0.3","10","196","0","0","10","196","","False",""
"Init_Reuse_0.3_Mut_8","pytutils.env","1615375569798907844","230","121304813381","0.5","7","77","7","77","0","0","","False",""
"Init_Reuse_0.7_Mut_0","pytutils.urls","1615374846294510093","326","121040208063","0.75","3","12","3","12","0","0","","False",""
"Init_Reuse_0.9_Mut_8","pytutils.lazy.lazy_regex","1615375891419664873","170","121902985706","0.6041666666666666","11","102","11","102","0","0","","False",""
"Init_Reuse_0.7_Mut_0","pytutils.debug","1615374832105118585","0","8312991630","1.0","5","136","0","0","5","136","","False",""
"Init_Reuse_0.9_Mut_8","pytutils.mappings","1615375895355089227","102","123286568677","0.584","20","328","18","302","2","26","","False",""
"Init_Reuse_0.3_Mut_0","pytutils.meth","1615374601201646959","0","5529175507","1.0","6","30","6","30","0","0","","False",""
"Init_Reuse_0.3_Mut_8","pytutils.rand","1615375568411570034","0","4984580337","1.0","3","8","3","8","0","0","","False",""
"Init_Reuse_0.5_Mut_0","pytutils.urls","1615374716558677270","207","121382556368","0.75","9","43","9","43","0","0","","False",""
"Init_Reuse_0.9_Mut_0","pytutils.trees","1615375010597184254","209","123269094220","0.75","8","85","8","85","0","0","","False",""
"Init_Reuse_0.3_Mut_0","pytutils.path","1615374598926206318","158","121281475178","0.25","5","134","0","0","5","134","","False",""
"Init_Reuse_0.7_Mut_4","pytutils.lazy.lazy_import","1615375297395436045","164","122101923472","0.4396551724137931","12","80","12","80","0","0","","False",""
"Init_Reuse_0.5_Mut_8","pytutils.props","1615375675555518743","195","121088538921","0.6470588235294118","10","81","9","66","1","15","","False",""
"Init_Reuse_0.7_Mut_4","pytutils.lazy.simple_import","1615375297590069221","208","121479728671","0.6","10","151","0","0","10","151","","False",""
"Init_Reuse_0.5_Mut_8","pytutils.pretty","1615375674373127360","235","122175571562","0.6470588235294118","7","42","7","42","0","0","","False",""
"Init_Reuse_0.3_Mut_4","pytutils.props","1615375112536494309","260","121362657625","0.6470588235294118","8","65","8","65","0","0","","False",""
"Init_Reuse_0.9_Mut_0","pytutils.memo","1615374963793212925","308","121509325112","0.25","5","22","5","22","0","0","","False",""
