"ConfigurationId","TargetModule","RandomSeed","AlgorithmIterations","TotalTime","Coverage","Size","Length","FailingSize","FailingLength","PassingSize","PassingLength","CollectedTestCases","SuitableTestModule","FoundTestCases"
"Init_Reuse_0.3_Mut_4","pytutils.python","1615373300169347682","225","121314624126","0.3","3","53","0","0","3","53","","False",""
"Init_Reuse_0.5_Mut_0","pytutils.excs","1615372969473789590","187","122595693006","0.16666666666666666","9","166","0","0","9","166","","False",""
"Init_Reuse_0.9_Mut_4","pytutils.python","1615373610857545052","210","121444933198","0.3","6","94","0","0","6","94","","False",""
"Init_Reuse_0.7_Mut_4","pytutils.path","1615373553980939267","300","121084120387","0.25","2","32","0","0","2","32","","False",""
"Init_Reuse_0.3_Mut_0","pytutils.lazy.simple_import","1615372904049657268","186","122469290579","0.6","8","143","0","0","8","143","","False",""
"Init_Reuse_0.3_Mut_8","pytutils.pythree","1615373757603297701","322","121276543246","0.42857142857142855","5","36","5","36","0","0","","False",""
"Init_Reuse_0.5_Mut_4","pytutils.log","1615373396626418141","224","121349624442","0.7941176470588235","9","52","8","49","1","3","","False",""
"Init_Reuse_0.7_Mut_4","pytutils.rand","1615373549399702518","0","5157529937","1.0","4","8","4","8","0","0","","False",""
"Init_Reuse_0.3_Mut_0","pytutils.timers","1615372884609139449","0","6131126735","1.0","10","106","7","71","3","35","","False",""
"Init_Reuse_0.9_Mut_4","pytutils.pythree","1615373634661217302","197","121537454896","0.42857142857142855","10","58","10","58","0","0","","False",""
"Init_Reuse_0.5_Mut_0","pytutils.pythree","1615372942136361728","227","121269437117","0.42857142857142855","8","55","8","55","0","0","","False",""
"Init_Reuse_0.3_Mut_4","pytutils.env","1615373290587724621","208","121344729887","0.5","10","79","8","66","2","13","","False",""
"Init_Reuse_0.7_Mut_4","pytutils.log","1615373535785950571","188","123819676858","0.7647058823529411","9","44","8","37","1","7","","False",""
"Init_Reuse_0.9_Mut_4","pytutils.props","1615373635640201512","192","121545950711","0.6470588235294118","8","68","8","68","0","0","","False",""
"Init_Reuse_0.3_Mut_8","pytutils.lazy.lazy_import","1615373782314123674","118","121501688492","0.43103448275862066","14","105","13","101","1","4","","False",""
"Init_Reuse_0.5_Mut_4","pytutils.debug","1615373399702685573","0","7859721714","1.0","1","35","0","0","1","35","","False",""
"Init_Reuse_0.3_Mut_4","pytutils.mappings","1615373280264667591","94","123314340733","0.632","17","288","15","249","2","39","","False",""
"Init_Reuse_0.0_Mut_0","pytutils.env","1615372725682810983","222","121235175321","0.5","8","66","8","66","0","0","","",""
"Init_Reuse_0.7_Mut_0","pytutils.pythree","1615373082358240660","215","121519689888","0.42857142857142855","10","64","10","64","0","0","","False",""
"Init_Reuse_0.0_Mut_0","pytutils.log","1615372725683330641","165","121555395318","0.7647058823529411","10","56","9","53","1","3","","",""
"Init_Reuse_0.9_Mut_4","pytutils.urls","1615373661937942621","430","121464646279","0.75","2","10","2","10","0","0","","False",""
"Init_Reuse_0.9_Mut_4","pytutils.sets","1615373643025432265","175","122076873010","0.6666666666666666","8","75","8","75","0","0","","False",""
"Init_Reuse_0.3_Mut_8","pytutils.props","1615373767303114428","221","121300174513","0.6470588235294118","6","53","6","53","0","0","","False",""
"Init_Reuse_0.5_Mut_4","pytutils.rand","1615373397196153632","0","4121659614","1.0","10","26","10","26","0","0","","False",""
"Init_Reuse_0.5_Mut_0","pytutils.lazy.simple_import","1615372965361219429","267","121272811901","0.6","4","72","0","0","4","72","","False",""
"Init_Reuse_0.9_Mut_8","pytutils.lazy.lazy_regex","1615374094750379488","202","121212092939","0.6041666666666666","8","53","7","47","1","6","","False",""
"Init_Reuse_0.0_Mut_0","pytutils.lazy.lazy_import","1615372725683716624","138","121771249358","0.4396551724137931","13","134","13","134","0","0","","",""
"Init_Reuse_0.3_Mut_8","pytutils.env","1615373733009234170","279","121407261030","0.5","6","56","5","46","1","10","","False",""
"Init_Reuse_0.7_Mut_8","pytutils.python","1615373967302537503","156","121753814027","0.3","8","139","0","0","8","139","","False",""
"Init_Reuse_0.3_Mut_8","pytutils.rand","1615373766879770082","0","4501012502","1.0","7","23","7","23","0","0","","False",""
"Init_Reuse_0.5_Mut_4","pytutils.python","1615373399828736309","170","122013646431","0.3","3","73","0","0","3","73","","False",""
"Init_Reuse_0.9_Mut_0","pytutils.rand","1615373173315216477","0","5276405253","1.0","2","4","2","4","0","0","","False",""
"Init_Reuse_0.9_Mut_8","pytutils.mappings","1615374105724229026","114","122168878445","0.568","17","285","16","278","1","7","","False",""
"Init_Reuse_0.0_Mut_0","pytutils.pythree","1615372722942804491","295","121063815949","0.42857142857142855","4","25","4","25","0","0","","",""
"Init_Reuse_0.5_Mut_8","pytutils.props","1615373884257355319","290","121035709715","0.6470588235294118","4","39","4","39","0","0","","False",""
"Init_Reuse_0.7_Mut_4","pytutils.lazy.lazy_import","1615373532611182183","116","122234527731","0.43103448275862066","14","121","14","121","0","0","","False",""
"Init_Reuse_0.9_Mut_0","pytutils.iters","1615373173130421235","250","122246880965","0.26666666666666666","3","39","3","39","0","0","","False",""
"Init_Reuse_0.5_Mut_0","pytutils.env","1615372927260135794","246","121420384458","0.5","6","44","5","42","1","2","","False",""
"Init_Reuse_0.3_Mut_4","pytutils.lazy.lazy_regex","1615373276690669376","164","122089980979","0.6041666666666666","9","85","8","79","1","6","","False",""
"Init_Reuse_0.3_Mut_4","pytutils.lazy.lazy_import","1615373268814859263","160","121669758601","0.4224137931034483","12","114","12","114","0","0","","False",""
"Init_Reuse_0.5_Mut_0","pytutils.memo","1615372964654409332","380","121295783377","0.25","6","24","6","24","0","0","","False",""
"Init_Reuse_0.5_Mut_8","pytutils.pretty","1615373849166517877","279","121388947502","0.6470588235294118","7","29","7","29","0","0","","False",""
"Init_Reuse_0.7_Mut_4","pytutils.lazy.simple_import","1615373528557562224","176","121983238468","0.6","10","190","0","0","10","190","","False",""
"Init_Reuse_0.9_Mut_8","pytutils.python","1615374124617293305","194","122360020849","0.3","7","122","0","0","7","122","","False",""
"Init_Reuse_0.5_Mut_0","pytutils.path","1615372927269246610","214","121622672217","0.25","6","114","0","0","6","114","","False",""
"Init_Reuse_0.9_Mut_0","pytutils.log","1615373193324171765","157","121936545592","0.7941176470588235","11","65","10","56","1","9","","False",""
"Init_Reuse_0.3_Mut_0","pytutils.python","1615372820277352679","158","122317989631","0.3","10","188","0","0","10","188","","False",""
"Init_Reuse_0.5_Mut_8","pytutils.rand","1615373868104473689","0","7770153427","1.0","8","17","8","17","0","0","","False",""
"Init_Reuse_0.5_Mut_8","pytutils.mappings","1615373868104528432","119","126359909734","0.6","14","280","13","262","1","18","","False",""
"Init_Reuse_0.9_Mut_8","pytutils.debug","1615374124616641890","0","8562643867","1.0","7","199","0","0","7","199","","False",""
"Init_Reuse_0.7_Mut_0","pytutils.env","1615373076992821579","232","121581792224","0.5","5","50","4","23","1","27","","False",""
"Init_Reuse_0.3_Mut_4","pytutils.timers","1615373339190285524","0","7137688531","1.0","5","71","3","22","2","49","","False",""
"Init_Reuse_0.9_Mut_0","pytutils.lazy.lazy_import","1615373188887461777","125","122799615628","0.4224137931034483","14","149","14","149","0","0","","False",""
"Init_Reuse_0.7_Mut_8","pytutils.rand","1615373973565629603","0","5566845283","1.0","1","5","1","5","0","0","","False",""
"Init_Reuse_0.7_Mut_0","pytutils.meth","1615373078906180587","0","5616556287","1.0","1","3","1","3","0","0","","False",""
"Init_Reuse_0.9_Mut_8","pytutils.props","1615374096434435516","259","121266339958","0.6470588235294118","7","44","6","39","1","5","","False",""
"Init_Reuse_0.9_Mut_0","pytutils.pretty","1615373147863010945","320","121240287947","0.6470588235294118","6","28","6","28","0","0","","False",""
"Init_Reuse_0.5_Mut_0","pytutils.meth","1615372927267290749","0","5788205682","1.0","4","21","4","21","0","0","","False",""
"Init_Reuse_0.7_Mut_8","pytutils.trees","1615373998618110548","170","122423677443","0.75","8","71","8","71","0","0","","False",""
"Init_Reuse_0.7_Mut_0","pytutils.sets","1615373079724049353","218","121142797193","0.6666666666666666","7","51","7","51","0","0","","False",""
"Init_Reuse_0.5_Mut_4","pytutils.pretty","1615373398471845891","250","121121422577","0.6470588235294118","7","42","7","42","0","0","","False",""
"Init_Reuse_0.7_Mut_8","pytutils.lazy.simple_import","1615373965516957772","276","121261436972","0.6","4","60","0","0","4","60","","False",""
"Init_Reuse_0.9_Mut_4","pytutils.files","1615373636497254702","160","121188716464","0.2413793103448276","10","121","10","121","0","0","","False",""
"Init_Reuse_0.5_Mut_4","pytutils.lazy.lazy_regex","1615373389787420256","161","121781893947","0.6041666666666666","9","75","9","75","0","0","","False",""
"Init_Reuse_0.7_Mut_8","pytutils.timers","1615374037050977042","0","7690914243","1.0","10","137","9","124","1","13","","False",""
"Init_Reuse_0.3_Mut_0","pytutils.memo","1615372898943386889","260","122753647687","0.25","8","37","8","37","0","0","","False",""
"Init_Reuse_0.9_Mut_4","pytutils.mappings","1615373659824574153","101","121859681108","0.568","19","258","19","258","0","0","","False",""
"Init_Reuse_0.7_Mut_4","pytutils.debug","1615373554803608796","0","14030504458","1.0","9","167","0","0","9","167","","False",""
"Init_Reuse_0.7_Mut_0","pytutils.log","1615373079474519304","198","121259714884","0.7941176470588235","9","70","8","66","1","4","","False",""
"Init_Reuse_0.9_Mut_4","pytutils.trees","1615373638549314478","230","121426136763","0.75","6","51","6","51","0","0","","False",""
"Init_Reuse_0.3_Mut_0","pytutils.lazy.lazy_regex","1615372819093115150","190","121473568150","0.6041666666666666","9","86","8","72","1","14","","False",""
"Init_Reuse_0.9_Mut_0","pytutils.pythree","1615373190349472028","340","122529993077","0.42857142857142855","5","29","5","29","0","0","","False",""
"Init_Reuse_0.9_Mut_0","pytutils.timers","1615373192545274016","0","7975846336","1.0","10","120","6","69","4","51","","False",""
"Init_Reuse_0.5_Mut_4","pytutils.excs","1615373396616145455","177","121999166989","0.16666666666666666","3","82","0","0","3","82","","False",""
"Init_Reuse_0.3_Mut_0","pytutils.env","1615372827609257268","200","121564044907","0.5","10","73","9","70","1","3","","False",""
"Init_Reuse_0.9_Mut_0","pytutils.python","1615373151047418061","151","122700367308","0.3","10","212","0","0","10","212","","False",""
"Init_Reuse_0.3_Mut_4","pytutils.memo","1615373276844330448","234","121602592912","0.25","10","54","10","54","0","0","","False",""
"Init_Reuse_0.5_Mut_0","pytutils.sets","1615372964654408329","152","121796407018","0.6666666666666666","10","93","10","93","0","0","","False",""
"Init_Reuse_0.5_Mut_8","pytutils.tlds","1615373849230256622","232","121304806358","0.9166666666666666","8","58","7","55","1","3","","False",""
"Init_Reuse_0.7_Mut_4","pytutils.pretty","1615373522179569636","167","123025709196","0.6470588235294118","10","54","10","54","0","0","","False",""
"Init_Reuse_0.5_Mut_8","pytutils.excs","1615373894685750662","194","122089966316","0.16666666666666666","10","155","0","0","10","155","","False",""
"Init_Reuse_0.7_Mut_4","pytutils.memo","1615373532611835599","236","121294678909","0.25","9","48","8","39","1","9","","False",""
"Init_Reuse_0.9_Mut_0","pytutils.meth","1615373173130897107","0","5816603351","1.0","9","42","9","42","0","0","","False",""
"Init_Reuse_0.5_Mut_0","pytutils.rand","1615372928212848318","0","4757968228","1.0","9","25","8","23","1","2","","False",""
"Init_Reuse_0.3_Mut_4","pytutils.sets","1615373275136354329","175","122729326625","0.6111111111111112","8","55","8","55","0","0","","False",""
"Init_Reuse_0.0_Mut_0","pytutils.timers","1615372724301497933","0","5444636250","1.0","4","69","3","63","1","6","","",""
"Init_Reuse_0.3_Mut_8","pytutils.mappings","1615373765010368206","106","122321488475","0.616","19","255","18","242","1","13","","False",""
"Init_Reuse_0.9_Mut_0","pytutils.env","1615373173130420685","192","122517620479","0.5","8","78","8","78","0","0","","False",""
"Init_Reuse_0.9_Mut_8","pytutils.log","1615374085519401693","186","121261651724","0.7647058823529411","9","80","9","80","0","0","","False",""
"Init_Reuse_0.9_Mut_8","pytutils.trees","1615374085521439979","203","121309448593","0.75","7","56","7","56","0","0","","False",""
"Init_Reuse_0.5_Mut_0","pytutils.lazy.lazy_import","1615372953883675426","136","122195151190","0.4224137931034483","13","112","13","112","0","0","","False",""
"Init_Reuse_0.0_Mut_0","pytutils.lazy.simple_import","1615372720965094597","203","121398528351","0.6","9","133","0","0","9","133","","",""
"Init_Reuse_0.3_Mut_8","pytutils.iters","1615373733038191625","249","121064321413","0.26666666666666666","4","40","4","40","0","0","","False",""
"Init_Reuse_0.7_Mut_8","pytutils.debug","1615373964797560679","0","7142048461","1.0","7","114","0","0","7","114","","False",""
"Init_Reuse_0.7_Mut_0","pytutils.timers","1615373081266287003","0","5226751064","1.0","2","28","0","0","2","28","","False",""
"Init_Reuse_0.0_Mut_0","pytutils.mappings","1615372725683766068","108","122726484836","0.568","19","240","19","240","0","0","","",""
"Init_Reuse_0.9_Mut_4","pytutils.debug","1615373610788593468","0","8480374907","1.0","4","145","0","0","4","145","","False",""
"Init_Reuse_0.9_Mut_4","pytutils.memo","1615373642841449090","223","121919094813","0.25","9","54","9","54","0","0","","False",""
"Init_Reuse_0.5_Mut_4","pytutils.env","1615373396521641816","217","121367087141","0.5","6","57","6","57","0","0","","False",""
"Init_Reuse_0.7_Mut_4","pytutils.trees","1615373527106370711","242","121336817983","0.75","9","62","9","62","0","0","","False",""
"Init_Reuse_0.9_Mut_4","pytutils.excs","1615373655821955936","328","120974360846","0.16666666666666666","1","19","0","0","1","19","","False",""
"Init_Reuse_0.3_Mut_8","pytutils.memo","1615373782316466259","224","121571148557","0.25","9","47","9","47","0","0","","False",""
"Init_Reuse_0.5_Mut_4","pytutils.urls","1615373410253389509","273","121468196076","0.75","4","26","4","26","0","0","","False",""
"Init_Reuse_0.3_Mut_4","pytutils.rand","1615373290567087610","0","4403363152","1.0","5","13","5","13","0","0","","False",""
"Init_Reuse_0.5_Mut_8","pytutils.python","1615373873539105708","167","121600081290","0.3","4","77","0","0","4","77","","False",""
"Init_Reuse_0.7_Mut_0","pytutils.props","1615373064275573183","161","123212440375","0.6470588235294118","10","74","10","74","0","0","","False",""
"Init_Reuse_0.0_Mut_0","pytutils.rand","1615372723319285470","0","5039029543","1.0","10","21","10","21","0","0","","",""
"Init_Reuse_0.7_Mut_4","pytutils.mappings","1615373551463690964","118","122597891975","0.576","18","232","16","206","2","26","","False",""
"Init_Reuse_0.3_Mut_0","pytutils.pythree","1615372864081893994","249","122364612369","0.42857142857142855","5","24","5","24","0","0","","False",""
"Init_Reuse_0.3_Mut_4","pytutils.iters","1615373290276635211","211","121419799958","0.26666666666666666","6","88","4","50","2","38","","False",""
"Init_Reuse_0.3_Mut_4","pytutils.debug","1615373299288984195","0","8022428708","1.0","4","57","0","0","4","57","","False",""
"Init_Reuse_0.5_Mut_0","pytutils.props","1615372970488245877","209","121667311417","0.6470588235294118","9","71","8","67","1","4","","False",""
"Init_Reuse_0.7_Mut_4","pytutils.urls","1615373554789579796","234","122704178673","0.75","7","31","7","31","0","0","","False",""
"Init_Reuse_0.3_Mut_0","pytutils.pretty","1615372898951748502","190","122977892631","0.6470588235294118","8","44","8","44","0","0","","False",""
"Init_Reuse_0.3_Mut_8","pytutils.timers","1615373756762744191","0","5953221742","1.0","6","60","5","51","1","9","","False",""
"Init_Reuse_0.5_Mut_4","pytutils.mappings","1615373397196616297","113","121656676333","0.608","15","212","13","175","2","37","","False",""
"Init_Reuse_0.5_Mut_4","pytutils.props","1615373395153439462","294","121156816115","0.6470588235294118","6","43","6","43","0","0","","False",""
"Init_Reuse_0.3_Mut_0","pytutils.iters","1615372830161791279","213","121730847977","0.26666666666666666","8","100","5","74","3","26","","False",""
"Init_Reuse_0.3_Mut_0","pytutils.sets","1615372819024084438","181","121609394726","0.6666666666666666","7","62","7","62","0","0","","False",""
"Init_Reuse_0.9_Mut_4","pytutils.lazy.lazy_regex","1615373642842744336","176","122181807132","0.6041666666666666","11","105","9","85","2","20","","False",""
"Init_Reuse_0.5_Mut_4","pytutils.trees","1615373425767838524","200","121190783929","0.75","8","58","8","58","0","0","","False",""
"Init_Reuse_0.7_Mut_8","pytutils.pythree","1615374037698560129","303","122447474245","0.42857142857142855","3","23","3","23","0","0","","False",""
"Init_Reuse_0.9_Mut_4","pytutils.log","1615373659820701633","210","121456038588","0.7941176470588235","9","53","9","53","0","0","","False",""
"Init_Reuse_0.3_Mut_0","pytutils.lazy.lazy_import","1615372905039930644","128","122199822782","0.4224137931034483","13","111","12","103","1","8","","False",""
"Init_Reuse_0.7_Mut_4","pytutils.python","1615373554786170802","158","123867677730","0.3","9","179","0","0","9","179","","False",""
"Init_Reuse_0.7_Mut_0","pytutils.trees","1615373079473953926","176","121568260153","0.75","9","81","9","81","0","0","","False",""
"Init_Reuse_0.7_Mut_0","pytutils.lazy.lazy_regex","1615373079474273753","173","121590666485","0.6041666666666666","9","73","8","69","1","4","","False",""
"Init_Reuse_0.0_Mut_0","pytutils.python","1615372732625864253","276","122562520116","0.3","3","41","0","0","3","41","","",""
"Init_Reuse_0.5_Mut_4","pytutils.tlds","1615373398458766287","302","121276482535","0.9166666666666666","6","39","4","22","2","17","","False",""
"Init_Reuse_0.7_Mut_8","pytutils.pretty","1615373965534881046","182","121670598263","0.6470588235294118","10","54","10","54","0","0","","False",""
"Init_Reuse_0.9_Mut_4","pytutils.path","1615373661336704687","210","122069140766","0.25","5","92","0","0","5","92","","False",""
"Init_Reuse_0.5_Mut_0","pytutils.iters","1615372928366482828","200","121729396726","0.26666666666666666","6","75","6","75","0","0","","False",""
"Init_Reuse_0.9_Mut_8","pytutils.pythree","1615374097502118717","358","121050282540","0.42857142857142855","6","31","6","31","0","0","","False",""
"Init_Reuse_0.7_Mut_8","pytutils.log","1615373970407461335","209","122126206952","0.7647058823529411","10","47","9","44","1","3","","False",""
"Init_Reuse_0.5_Mut_4","pytutils.timers","1615373394647655139","0","6543258403","1.0","7","112","5","68","2","44","","False",""
"Init_Reuse_0.7_Mut_8","pytutils.mappings","1615373973364531810","112","121866910716","0.64","20","246","16","199","4","47","","False",""
"Init_Reuse_0.7_Mut_0","pytutils.files","1615373101684996942","291","121616348709","0.2413793103448276","5","37","4","30","1","7","","False",""
"Init_Reuse_0.9_Mut_8","pytutils.excs","1615374084119393841","195","121494701566","0.16666666666666666","3","87","0","0","3","87","","False",""
"Init_Reuse_0.9_Mut_0","pytutils.tlds","1615373142558100632","371","121143819021","0.9166666666666666","4","28","2","19","2","9","","False",""
"Init_Reuse_0.5_Mut_8","pytutils.log","1615373846188896156","162","121402346083","0.7941176470588235","10","56","10","56","0","0","","False",""
"Init_Reuse_0.9_Mut_8","pytutils.urls","1615374109025829307","245","123059156746","0.75","9","55","9","55","0","0","","False",""
"Init_Reuse_0.7_Mut_0","pytutils.iters","1615373078905971928","216","121758611149","0.26666666666666666","9","94","7","72","2","22","","False",""
"Init_Reuse_0.3_Mut_4","pytutils.pythree","1615373341099047845","337","121597389229","0.42857142857142855","3","17","3","17","0","0","","False",""
"Init_Reuse_0.9_Mut_0","pytutils.lazy.simple_import","1615373192067140934","259","121198995851","0.6","4","70","0","0","4","70","","False",""
"Init_Reuse_0.5_Mut_0","pytutils.files","1615372926399802692","232","121041247512","0.2413793103448276","3","54","3","54","0","0","","False",""
"Init_Reuse_0.9_Mut_0","pytutils.mappings","1615373193326096492","88","122637083469","0.56","20","256","19","241","1","15","","False",""
"Init_Reuse_0.3_Mut_0","pytutils.debug","1615372830004159087","0","7956072808","1.0","3","80","0","0","3","80","","False",""
"Init_Reuse_0.5_Mut_8","pytutils.env","1615373868104198691","440","124743587193","0.5","4","17","2","10","2","7","","False",""
"Init_Reuse_0.3_Mut_0","pytutils.log","1615372819262021583","197","121540533238","0.7647058823529411","9","53","8","50","1","3","","False",""
"Init_Reuse_0.9_Mut_0","pytutils.props","1615373188670125025","199","121858993608","0.6470588235294118","8","74","8","74","0","0","","False",""
"Init_Reuse_0.0_Mut_0","pytutils.path","1615372732762501854","491","122338899788","0.25","1","6","0","0","1","6","","",""
"Init_Reuse_0.7_Mut_0","pytutils.pretty","1615373073160022494","191","122267566218","0.6470588235294118","7","46","7","46","0","0","","False",""
"Init_Reuse_0.3_Mut_0","pytutils.mappings","1615372830051139429","106","122209652454","0.6","15","243","14","234","1","9","","False",""
"Init_Reuse_0.0_Mut_0","pytutils.debug","1615372732746604383","0","8610322389","1.0","9","203","0","0","9","203","","",""
"Init_Reuse_0.7_Mut_0","pytutils.lazy.lazy_import","1615373070366552042","152","122162300494","0.43103448275862066","10","75","10","75","0","0","","False",""
"Init_Reuse_0.5_Mut_4","pytutils.lazy.lazy_import","1615373398325513421","131","122163001560","0.4224137931034483","14","124","12","104","2","20","","False",""
"Init_Reuse_0.9_Mut_4","pytutils.iters","1615373662517528146","216","121085282479","0.26666666666666666","5","63","5","63","0","0","","False",""
"Init_Reuse_0.7_Mut_8","pytutils.tlds","1615374016177713539","9","10857390829","1.0","9","60","9","60","0","0","","False",""
"Init_Reuse_0.5_Mut_4","pytutils.memo","1615373397726397694","201","121765780475","0.25","9","50","8","48","1","2","","False",""
"Init_Reuse_0.9_Mut_4","pytutils.env","1615373662520604617","254","121272272719","0.5","9","60","7","50","2","10","","False",""
"Init_Reuse_0.7_Mut_0","pytutils.rand","1615373078890051200","0","5357609206","1.0","7","23","7","23","0","0","","False",""
"Init_Reuse_0.7_Mut_8","pytutils.iters","1615374002843205781","242","121173197669","0.26666666666666666","8","90","4","47","4","43","","False",""
"Init_Reuse_0.3_Mut_8","pytutils.debug","1615373749553560472","0","7883728371","1.0","7","137","0","0","7","137","","False",""
"Init_Reuse_0.5_Mut_8","pytutils.sets","1615373860304448858","126","121985628380","0.6666666666666666","11","105","11","105","0","0","","False",""
"Init_Reuse_0.9_Mut_8","pytutils.meth","1615374128132803915","0","5214058852","1.0","9","44","9","44","0","0","","False",""
"Init_Reuse_0.7_Mut_0","pytutils.path","1615373101832918885","126","122629495989","0.25","9","254","0","0","9","254","","False",""
"Init_Reuse_0.9_Mut_8","pytutils.tlds","1615374084254342670","290","121217091758","0.9166666666666666","6","27","5","24","1","3","","False",""
"Init_Reuse_0.7_Mut_0","pytutils.python","1615373095720766660","270","121759607545","0.3","2","31","0","0","2","31","","False",""
"Init_Reuse_0.9_Mut_8","pytutils.timers","1615374097503067820","0","6383840188","1.0","6","74","5","48","1","26","","False",""
"Init_Reuse_0.7_Mut_8","pytutils.sets","1615373998808971959","194","122094308593","0.6666666666666666","8","54","8","54","0","0","","False",""
"Init_Reuse_0.3_Mut_0","pytutils.files","1615372830039463415","192","121507808340","0.3103448275862069","6","93","6","93","0","0","","False",""
"Init_Reuse_0.5_Mut_4","pytutils.pythree","1615373395383450340","267","121219356676","0.42857142857142855","7","41","7","41","0","0","","False",""
"Init_Reuse_0.5_Mut_0","pytutils.debug","1615372932590457416","0","7850695127","1.0","3","58","0","0","3","58","","False",""
"Init_Reuse_0.9_Mut_0","pytutils.lazy.lazy_regex","1615373172792384876","222","121590316850","0.6041666666666666","10","100","10","100","0","0","","False",""
"Init_Reuse_0.7_Mut_8","pytutils.lazy.lazy_import","1615373965515431518","121","121544634438","0.41379310344827586","13","113","13","113","0","0","","False",""
"Init_Reuse_0.3_Mut_0","pytutils.urls","1615372841680198188","302","123618517484","0.75","8","40","8","40","0","0","","False",""
"Init_Reuse_0.5_Mut_8","pytutils.iters","1615373879737014134","255","121549952037","0.26666666666666666","3","48","2","25","1","23","","False",""
"Init_Reuse_0.3_Mut_8","pytutils.path","1615373766165341408","197","121266270647","0.25","6","118","0","0","6","118","","False",""
"Init_Reuse_0.7_Mut_4","pytutils.pythree","1615373537662687732","220","121108038506","0.42857142857142855","8","48","8","48","0","0","","False",""
"Init_Reuse_0.5_Mut_8","pytutils.trees","1615373868823536672","164","121880584153","0.75","8","60","8","60","0","0","","False",""
"Init_Reuse_0.9_Mut_8","pytutils.path","1615374128052273034","295","121266776637","0.25","5","69","0","0","5","69","","False",""
"Init_Reuse_0.5_Mut_0","pytutils.python","1615372934636337287","153","122552566627","0.3","9","183","0","0","9","183","","False",""
"Init_Reuse_0.9_Mut_0","pytutils.sets","1615373192045131346","165","121315165055","0.6666666666666666","7","62","7","62","0","0","","False",""
"Init_Reuse_0.5_Mut_8","pytutils.pythree","1615373883017850295","227","121197760348","0.42857142857142855","6","34","6","34","0","0","","False",""
"Init_Reuse_0.7_Mut_4","pytutils.sets","1615373532611043353","143","121349854189","0.6666666666666666","11","95","10","88","1","7","","False",""
"Init_Reuse_0.3_Mut_8","pytutils.lazy.lazy_regex","1615373769075709190","166","122861385049","0.6041666666666666","11","88","10","83","1","5","","False",""
"Init_Reuse_0.9_Mut_0","pytutils.files","1615373165087326222","169","121226761941","0.3448275862068966","8","101","7","89","1","12","","False",""
"Init_Reuse_0.3_Mut_4","pytutils.log","1615373281247076726","203","121461610542","0.8235294117647058","9","62","9","62","0","0","","False",""
"Init_Reuse_0.5_Mut_0","pytutils.mappings","1615372914305483172","112","123000143758","0.6","16","212","14","180","2","32","","False",""
"Init_Reuse_0.9_Mut_0","pytutils.debug","1615373151425222917","0","9838570762","1.0","7","120","0","0","7","120","","False",""
"Init_Reuse_0.9_Mut_8","pytutils.lazy.simple_import","1615374084044742539","121","122192111306","0.6","8","245","0","0","8","245","","False",""
"Init_Reuse_0.5_Mut_0","pytutils.lazy.lazy_regex","1615372913749152459","176","121770943857","0.6041666666666666","9","71","9","71","0","0","","False",""
"Init_Reuse_0.3_Mut_4","pytutils.pretty","1615373268833119563","208","121473006210","0.6470588235294118","9","52","9","52","0","0","","False",""
"Init_Reuse_0.5_Mut_8","pytutils.lazy.lazy_import","1615373860803644243","140","121853043969","0.43103448275862066","11","95","11","95","0","0","","False",""
"Init_Reuse_0.7_Mut_4","pytutils.tlds","1615373522179849876","6","10224967814","1.0","6","41","6","41","0","0","","False",""
"Init_Reuse_0.7_Mut_8","pytutils.files","1615374004865329648","180","121214741337","0.2413793103448276","7","90","6","74","1","16","","False",""
"Init_Reuse_0.3_Mut_4","pytutils.excs","1615373334932055041","246","122885825854","0.16666666666666666","5","79","0","0","5","79","","False",""
"Init_Reuse_0.9_Mut_8","pytutils.memo","1615374122818945420","272","121263262790","0.25","6","39","6","39","0","0","","False",""
"Init_Reuse_0.0_Mut_0","pytutils.pretty","1615372724298383351","218","121435779757","0.6470588235294118","4","25","4","25","0","0","","",""
"Init_Reuse_0.7_Mut_4","pytutils.props","1615373520934402104","224","121636086457","0.6470588235294118","9","77","9","77","0","0","","False",""
"Init_Reuse_0.3_Mut_8","pytutils.meth","1615373764195504503","0","7651317601","1.0","3","17","3","17","0","0","","False",""
"Init_Reuse_0.7_Mut_8","pytutils.urls","1615373967351726678","219","121259617063","0.75","9","55","9","55","0","0","","False",""
"Init_Reuse_0.3_Mut_8","pytutils.log","1615373766868817669","201","121523650189","0.7941176470588235","11","56","10","54","1","2","","False",""
"Init_Reuse_0.9_Mut_4","pytutils.timers","1615373635407888841","0","6449818843","1.0","9","131","7","101","2","30","","False",""
"Init_Reuse_0.9_Mut_8","pytutils.env","1615374102458834233","240","121036476654","0.5","4","39","4","39","0","0","","False",""
"Init_Reuse_0.0_Mut_0","pytutils.props","1615372724301181742","270","121100611391","0.6470588235294118","3","26","3","26","0","0","","",""
"Init_Reuse_0.9_Mut_4","pytutils.tlds","1615373655814566819","346","120974950936","0.9166666666666666","6","29","5","26","1","3","","False",""
"Init_Reuse_0.5_Mut_4","pytutils.path","1615373401630997316","324","123689899739","0.25","2","33","0","0","2","33","","False",""
"Init_Reuse_0.3_Mut_8","pytutils.pretty","1615373771947419591","223","121411221889","0.6470588235294118","7","34","7","34","0","0","","False",""
"Init_Reuse_0.5_Mut_8","pytutils.debug","1615373872582425194","0","8199349514","1.0","6","80","0","0","6","80","","False",""
"Init_Reuse_0.0_Mut_0","pytutils.meth","1615372730858884516","0","5215119989","1.0","1","5","1","5","0","0","","",""
"Init_Reuse_0.7_Mut_0","pytutils.excs","1615373072735870259","148","123692515887","0.16666666666666666","10","227","0","0","10","227","","False",""
"Init_Reuse_0.0_Mut_0","pytutils.lazy.lazy_regex","1615372725328096566","191","121287249869","0.6041666666666666","10","96","9","89","1","7","","",""
"Init_Reuse_0.9_Mut_4","pytutils.lazy.lazy_import","1615373639368328281","136","121588986598","0.4224137931034483","13","110","12","103","1","7","","False",""
"Init_Reuse_0.5_Mut_4","pytutils.iters","1615373390849476099","339","121066344779","0.26666666666666666","3","24","2","14","1","10","","False",""
"Init_Reuse_0.3_Mut_8","pytutils.tlds","1615373779742612708","332","121318612868","0.9166666666666666","7","35","7","35","0","0","","False",""
"Init_Reuse_0.5_Mut_0","pytutils.pretty","1615372980865583971","151","123361766709","0.6470588235294118","6","39","6","39","0","0","","False",""
"Init_Reuse_0.3_Mut_4","pytutils.urls","1615373276190698790","350","121231140511","0.75","3","13","3","13","0","0","","False",""
"Init_Reuse_0.0_Mut_0","pytutils.memo","1615372724010298480","232","122098301001","0.25","7","45","7","45","0","0","","",""
"Init_Reuse_0.7_Mut_4","pytutils.meth","1615373519526695908","0","5584748920","1.0","3","15","3","15","0","0","","False",""
"Init_Reuse_0.3_Mut_0","pytutils.tlds","1615372867566171948","453","120977211154","0.9166666666666666","2","19","1","13","1","6","","False",""
"Init_Reuse_0.7_Mut_4","pytutils.iters","1615373514752754701","321","121610767316","0.26666666666666666","5","44","4","30","1","14","","False",""
"Init_Reuse_0.3_Mut_4","pytutils.meth","1615373290587791972","0","6035115145","1.0","3","17","3","17","0","0","","False",""
"Init_Reuse_0.5_Mut_8","pytutils.path","1615373874037574205","223","121138304008","0.25","4","87","0","0","4","87","","False",""
"Init_Reuse_0.3_Mut_8","pytutils.urls","1615373749553122398","253","122034241504","0.75","7","29","7","29","0","0","","False",""
"Init_Reuse_0.7_Mut_4","pytutils.timers","1615373540396196553","0","7739235514","1.0","6","80","5","72","1","8","","False",""
"Init_Reuse_0.5_Mut_8","pytutils.lazy.lazy_regex","1615373860912807347","186","121813538768","0.6041666666666666","10","99","9","95","1","4","","False",""
"Init_Reuse_0.9_Mut_8","pytutils.files","1615374129043744481","205","122510499053","0.2413793103448276","9","100","8","93","1","7","","False",""
"Init_Reuse_0.3_Mut_4","pytutils.props","1615373337295271251","242","121230016370","0.6470588235294118","7","56","7","56","0","0","","False",""
"Init_Reuse_0.9_Mut_0","pytutils.memo","1615373192064516112","244","121329517710","0.25","8","43","8","43","0","0","","False",""
"Init_Reuse_0.5_Mut_0","pytutils.urls","1615372920199791603","276","121075431699","0.75","6","38","6","38","0","0","","False",""
"Init_Reuse_0.9_Mut_0","pytutils.trees","1615373172949190075","221","121359478431","0.75","6","55","6","55","0","0","","False",""
"Init_Reuse_0.7_Mut_8","pytutils.memo","1615373998618091848","284","122410019446","0.25","10","51","10","51","0","0","","False",""
"Init_Reuse_0.3_Mut_0","pytutils.path","1615372828154765262","331","121306994016","0.25","2","29","0","0","2","29","","False",""
"Init_Reuse_0.5_Mut_8","pytutils.meth","1615373870578587306","0","5658452241","1.0","4","20","4","20","0","0","","False",""
"Init_Reuse_0.7_Mut_0","pytutils.debug","1615373095719759595","0","10138487898","1.0","5","85","0","0","5","85","","False",""
"Init_Reuse_0.7_Mut_8","pytutils.lazy.lazy_regex","1615373996051221918","205","123438754337","0.6041666666666666","10","69","8","55","2","14","","False",""
"Init_Reuse_0.3_Mut_0","pytutils.meth","1615372830043075547","0","5658777662","1.0","8","43","8","43","0","0","","False",""
"Init_Reuse_0.7_Mut_8","pytutils.env","1615373977874584008","358","121248133961","0.5","3","17","2","8","1","9","","False",""
"Init_Reuse_0.3_Mut_8","pytutils.python","1615373743179898233","206","121373153645","0.3","4","76","0","0","4","76","","False",""
"Init_Reuse_0.5_Mut_8","pytutils.memo","1615373859401945295","226","121641834665","0.25","10","44","8","34","2","10","","False",""
"Init_Reuse_0.9_Mut_8","pytutils.iters","1615374095186014075","203","121598093500","0.26666666666666666","10","110","8","97","2","13","","False",""
"Init_Reuse_0.7_Mut_0","pytutils.urls","1615373058997006397","426","121112589778","0.75","2","10","2","10","0","0","","False",""
"Init_Reuse_0.9_Mut_8","pytutils.pretty","1615374083641190766","208","121231067270","0.6470588235294118","9","51","9","51","0","0","","False",""
"Init_Reuse_0.5_Mut_4","pytutils.sets","1615373389727075673","174","121638478191","0.6666666666666666","8","59","8","59","0","0","","False",""
"Init_Reuse_0.9_Mut_4","pytutils.rand","1615373662520682359","0","4582177489","1.0","6","15","6","15","0","0","","False",""
"Init_Reuse_0.7_Mut_8","pytutils.props","1615374037054053103","221","121640137982","0.6470588235294118","10","68","10","68","0","0","","False",""
"Init_Reuse_0.7_Mut_0","pytutils.mappings","1615373079474670961","97","123028739892","0.592","19","283","17","262","2","21","","False",""
"Init_Reuse_0.0_Mut_0","pytutils.urls","1615372732762824936","301","122370250604","0.75","6","25","6","25","0","0","","",""
"Init_Reuse_0.7_Mut_0","pytutils.memo","1615373079484712605","221","121379816437","0.25","8","41","8","41","0","0","","False",""
"Init_Reuse_0.5_Mut_4","pytutils.lazy.simple_import","1615373398326075986","211","121411518340","0.6","4","92","0","0","4","92","","False",""
"Init_Reuse_0.9_Mut_4","pytutils.meth","1615373636810431016","0","5511939604","1.0","4","20","4","20","0","0","","False",""
"Init_Reuse_0.7_Mut_8","pytutils.excs","1615374037053985624","135","122623848932","0.16666666666666666","6","149","0","0","6","149","","False",""
"Init_Reuse_0.0_Mut_0","pytutils.files","1615372732627020047","156","122860875615","0.2413793103448276","9","134","9","134","0","0","","",""
"Init_Reuse_0.7_Mut_0","pytutils.lazy.simple_import","1615373073160103872","187","122301773115","0.6","10","171","0","0","10","171","","False",""
"Init_Reuse_0.3_Mut_0","pytutils.rand","1615372830168018609","0","4971627475","1.0","9","22","9","22","0","0","","False",""
"Init_Reuse_0.3_Mut_0","pytutils.trees","1615372817239068007","165","121590497037","0.75","9","87","9","87","0","0","","False",""
"Init_Reuse_0.9_Mut_0","pytutils.excs","1615373192449083986","175","122060198023","0.16666666666666666","9","191","0","0","9","191","","False",""
"Init_Reuse_0.7_Mut_4","pytutils.env","1615373518117820893","287","121752834528","0.5","5","32","5","32","0","0","","False",""
"Init_Reuse_0.3_Mut_0","pytutils.props","1615372844565596147","201","121264965634","0.6470588235294118","10","75","10","75","0","0","","False",""
"Init_Reuse_0.3_Mut_4","pytutils.files","1615373280532929659","190","121583772341","0.2413793103448276","9","105","6","54","3","51","","False",""
"Init_Reuse_0.5_Mut_0","pytutils.timers","1615372941784398524","0","6530423145","1.0","10","115","9","99","1","16","","False",""
"Init_Reuse_0.5_Mut_8","pytutils.files","1615373869749058256","276","121447542935","0.2413793103448276","4","33","3","27","1","6","","False",""
"Init_Reuse_0.5_Mut_0","pytutils.tlds","1615372969213212761","233","122735554582","0.9166666666666666","10","56","10","56","0","0","","False",""
"Init_Reuse_0.3_Mut_4","pytutils.path","1615373280532977062","243","121558415283","0.25","6","96","0","0","6","96","","False",""
"Init_Reuse_0.0_Mut_0","pytutils.sets","1615372720327648151","201","121719854826","0.6666666666666666","4","36","4","36","0","0","","",""
"Init_Reuse_0.7_Mut_4","pytutils.files","1615373519525800750","153","122056662528","0.2413793103448276","9","116","8","110","1","6","","False",""
"Init_Reuse_0.3_Mut_0","pytutils.excs","1615372845625929349","239","121621962511","0.16666666666666666","7","104","0","0","7","104","","False",""
"Init_Reuse_0.0_Mut_0","pytutils.trees","1615372719230174847","167","121433026949","0.75","8","63","8","63","0","0","","",""
"Init_Reuse_0.9_Mut_4","pytutils.lazy.simple_import","1615373639496196422","211","121215119697","0.6","3","81","0","0","3","81","","False",""
"Init_Reuse_0.5_Mut_4","pytutils.meth","1615373390787093044","0","5397089954","1.0","8","34","8","34","0","0","","False",""
"Init_Reuse_0.3_Mut_8","pytutils.excs","1615373767285339147","187","123296971481","0.16666666666666666","9","175","0","0","9","175","","False",""
"Init_Reuse_0.9_Mut_4","pytutils.pretty","1615373638676109586","290","121084428563","0.6470588235294118","5","28","5","28","0","0","","False",""
"Init_Reuse_0.5_Mut_4","pytutils.files","1615373390814590330","166","121466095713","0.2413793103448276","10","109","9","102","1","7","","False",""
"Init_Reuse_0.3_Mut_8","pytutils.lazy.simple_import","1615373771945878170","158","121773342454","0.6","2","72","0","0","2","72","","False",""
"Init_Reuse_0.5_Mut_8","pytutils.urls","1615373874031682793","381","120972037178","0.75","3","19","3","19","0","0","","False",""
"Init_Reuse_0.0_Mut_0","pytutils.iters","1615372732624158936","267","122823072920","0.26666666666666666","5","33","5","33","0","0","","",""
"Init_Reuse_0.7_Mut_0","pytutils.tlds","1615373074076467167","300","121293197135","0.9166666666666666","8","50","8","50","0","0","","False",""
"Init_Reuse_0.5_Mut_8","pytutils.timers","1615373883519998776","0","7905428772","1.0","8","106","6","82","2","24","","False",""
"Init_Reuse_0.3_Mut_8","pytutils.trees","1615373769077350516","190","122852348286","0.75","9","71","9","71","0","0","","False",""
"Init_Reuse_0.9_Mut_8","pytutils.rand","1615374105234988565","0","4863824416","1.0","6","16","6","16","0","0","","False",""
"Init_Reuse_0.0_Mut_0","pytutils.excs","1615372724298037359","176","122315609298","0.16666666666666666","4","113","0","0","4","113","","",""
"Init_Reuse_0.9_Mut_8","pytutils.sets","1615374086490700919","175","121190727406","0.6666666666666666","10","78","10","78","0","0","","False",""
"Init_Reuse_0.3_Mut_4","pytutils.tlds","1615373334932536499","286","122500859044","0.9166666666666666","6","41","6","41","0","0","","False",""
"Init_Reuse_0.0_Mut_0","pytutils.tlds","1615372724301946549","207","121271523696","0.9166666666666666","9","75","8","72","1","3","","",""
"Init_Reuse_0.3_Mut_8","pytutils.files","1615373764201711643","151","122557118115","0.3103448275862069","8","96","7","84","1","12","","False",""
"Init_Reuse_0.7_Mut_8","pytutils.path","1615373966333017945","175","121985241862","0.25","8","177","0","0","8","177","","False",""
"Init_Reuse_0.9_Mut_0","pytutils.urls","1615373173130405843","224","122135745286","0.75","8","42","8","42","0","0","","False",""
"Init_Reuse_0.5_Mut_0","pytutils.trees","1615372914186559843","184","121462338658","0.75","9","72","9","72","0","0","","False",""
"Init_Reuse_0.3_Mut_4","pytutils.lazy.simple_import","1615373267987891809","143","121948593090","0.6","6","149","0","0","6","149","","False",""
"Init_Reuse_0.9_Mut_8","pytutils.lazy.lazy_import","1615374123042550891","148","121752494234","0.43103448275862066","13","92","13","92","0","0","","False",""
"Init_Reuse_0.5_Mut_8","pytutils.lazy.simple_import","1615373860918008022","199","121242131329","0.6","3","84","0","0","3","84","","False",""
"Init_Reuse_0.7_Mut_4","pytutils.excs","1615373522101903692","144","122822094842","0.16666666666666666","4","137","0","0","4","137","","False",""
"Init_Reuse_0.7_Mut_8","pytutils.meth","1615374002840793741","0","5189339079","1.0","8","37","8","37","0","0","","False",""
"Init_Reuse_0.7_Mut_4","pytutils.lazy.lazy_regex","1615373526323898214","199","121623492196","0.6041666666666666","11","83","10","70","1","13","","False",""
"Init_Reuse_0.3_Mut_8","pytutils.sets","1615373781105760307","154","121433573417","0.6666666666666666","9","87","9","87","0","0","","False",""
"Init_Reuse_0.9_Mut_0","pytutils.path","1615373173316009134","144","123432674384","0.25","4","122","0","0","4","122","","False",""
"Init_Reuse_0.3_Mut_4","pytutils.trees","1615373276175080238","209","122227494543","0.75","9","69","9","69","0","0","","False",""
"Init_Reuse_0.5_Mut_0","pytutils.log","1615372914124635235","217","121407304994","0.8235294117647058","9","46","9","46","0","0","","False",""
