"ConfigurationId","TargetModule","RandomSeed","AlgorithmIterations","TotalTime","Coverage","Size","Length","FailingSize","FailingLength","PassingSize","PassingLength","CollectedTestCases","SuitableTestModule","FoundTestCases"
"Init_Reuse_0.9_Mut_8","pytutils.files","1615372316248192469","201","121256122991","0.3448275862068966","8","110","7","103","1","7","","False",""
"Init_Reuse_0.5_Mut_8","pytutils.lazy.lazy_regex","1615372069256006166","186","121605097165","0.6041666666666666","9","84","9","84","0","0","","False",""
"Init_Reuse_0.7_Mut_4","pytutils.timers","1615371773435028767","0","7285305054","1.0","9","119","6","76","3","43","","False",""
"Init_Reuse_0.3_Mut_8","pytutils.urls","1615371957986181053","241","123869601196","0.75","9","42","9","42","0","0","","False",""
"Init_Reuse_0.5_Mut_0","pytutils.meth","1615371143995178035","0","5284003072","1.0","2","12","2","12","0","0","","False",""
"Init_Reuse_0.7_Mut_0","pytutils.meth","1615371262838573934","0","5084809440","1.0","5","28","5","28","0","0","","False",""
"Init_Reuse_0.9_Mut_0","pytutils.pretty","1615371373277190923","205","121148552637","0.6470588235294118","4","25","4","25","0","0","","False",""
"Init_Reuse_0.7_Mut_8","pytutils.memo","1615372203789714017","208","123159270291","0.25","8","42","8","42","0","0","","False",""
"Init_Reuse_0.7_Mut_0","pytutils.env","1615371262579532437","262","121352999390","0.5","10","68","9","61","1","7","","False",""
"Init_Reuse_0.9_Mut_0","pytutils.lazy.lazy_import","1615371374626436876","137","122193149390","0.43103448275862066","12","124","12","124","0","0","","False",""
"Init_Reuse_0.7_Mut_8","pytutils.lazy.lazy_regex","1615372227293311153","250","121573990061","0.6041666666666666","8","74","8","74","0","0","","False",""
"Init_Reuse_0.3_Mut_4","pytutils.timers","1615371516423791172","0","8211930128","1.0","10","111","6","77","4","34","","False",""
"Init_Reuse_0.9_Mut_8","pytutils.pretty","1615372341975503106","286","124326601938","0.6470588235294118","7","34","7","34","0","0","","False",""
"Init_Reuse_0.3_Mut_0","pytutils.python","1615371058856201079","258","121658178160","0.3","4","46","0","0","4","46","","False",""
"Init_Reuse_0.9_Mut_8","pytutils.iters","1615372309848038609","241","121056489144","0.26666666666666666","6","61","5","58","1","3","","False",""
"Init_Reuse_0.5_Mut_8","pytutils.memo","1615372077039627466","214","123018870879","0.25","7","40","7","40","0","0","","False",""
"Init_Reuse_0.9_Mut_0","pytutils.log","1615371381235162099","181","122312083965","0.7647058823529411","10","51","10","51","0","0","","False",""
"Init_Reuse_0.3_Mut_8","pytutils.python","1615371957754891340","179","124576860943","0.3","4","88","0","0","4","88","","False",""
"Init_Reuse_0.7_Mut_8","pytutils.env","1615372168200905909","220","121481205238","0.5","5","41","5","41","0","0","","False",""
"Init_Reuse_0.5_Mut_0","pytutils.path","1615371143867557820","390","120916631649","0.25","3","27","0","0","3","27","","False",""
"Init_Reuse_0.3_Mut_0","pytutils.env","1615371059553555444","235","121201032542","0.5","6","58","5","54","1","4","","False",""
"Init_Reuse_0.9_Mut_4","pytutils.rand","1615371858496508508","0","4925723695","1.0","7","23","7","23","0","0","","False",""
"Init_Reuse_0.7_Mut_8","pytutils.props","1615372194843205960","273","122076001752","0.6470588235294118","6","42","6","42","0","0","","False",""
"Init_Reuse_0.5_Mut_4","pytutils.sets","1615371619664966503","273","121088355292","0.6666666666666666","3","23","3","23","0","0","","False",""
"Init_Reuse_0.9_Mut_0","pytutils.timers","1615371375301800888","0","6836765604","1.0","6","74","5","46","1","28","","False",""
"Init_Reuse_0.9_Mut_4","pytutils.meth","1615371827062390446","0","4909077587","1.0","2","8","2","8","0","0","","False",""
"Init_Reuse_0.7_Mut_8","pytutils.excs","1615372193757777362","187","123111912546","0.16666666666666666","9","157","0","0","9","157","","False",""
"Init_Reuse_0.5_Mut_4","pytutils.lazy.simple_import","1615371606774268822","189","121656858216","0.6","4","115","0","0","4","115","","False",""
"Init_Reuse_0.9_Mut_0","pytutils.pythree","1615371388667136719","216","123653591909","0.42857142857142855","9","58","9","58","0","0","","False",""
"Init_Reuse_0.3_Mut_0","pytutils.lazy.lazy_regex","1615371051194655033","186","121496372935","0.6041666666666666","10","88","8","75","2","13","","False",""
"Init_Reuse_0.7_Mut_0","pytutils.log","1615371260590040488","182","121395532881","0.7941176470588235","10","67","10","67","0","0","","False",""
"Init_Reuse_0.3_Mut_0","pytutils.memo","1615371041643580921","255","121370456416","0.25","10","47","9","45","1","2","","False",""
"Init_Reuse_0.7_Mut_0","pytutils.sets","1615371258004350954","173","121573271868","0.6666666666666666","8","74","8","74","0","0","","False",""
"Init_Reuse_0.5_Mut_8","pytutils.files","1615372103015438216","187","121570103369","0.2413793103448276","5","73","4","60","1","13","","False",""
"Init_Reuse_0.0_Mut_0","pytutils.log","1615370956247057384","190","121865962599","0.7941176470588235","7","57","7","57","0","0","","",""
"Init_Reuse_0.7_Mut_0","pytutils.pythree","1615371321336770733","273","121548061957","0.42857142857142855","5","29","5","29","0","0","","False",""
"Init_Reuse_0.7_Mut_4","pytutils.env","1615371758564232270","343","121918280534","0.5","8","53","4","30","4","23","","False",""
"Init_Reuse_0.3_Mut_4","pytutils.mappings","1615371533228223026","116","123256757093","0.664","19","269","18","248","1","21","","False",""
"Init_Reuse_0.0_Mut_0","pytutils.env","1615370949234175167","350","121648295329","0.5","4","36","3","28","1","8","","",""
"Init_Reuse_0.7_Mut_4","pytutils.files","1615371715491021227","292","121034406654","0.2413793103448276","2","26","2","26","0","0","","False",""
"Init_Reuse_0.5_Mut_4","pytutils.meth","1615371648923714486","0","4794215029","1.0","9","48","9","48","0","0","","False",""
"Init_Reuse_0.3_Mut_8","pytutils.excs","1615371968869235785","239","121158447461","0.16666666666666666","1","26","0","0","1","26","","False",""
"Init_Reuse_0.9_Mut_4","pytutils.lazy.simple_import","1615371829607382416","212","121392752813","0.6","7","115","0","0","7","115","","False",""
"Init_Reuse_0.5_Mut_0","pytutils.pythree","1615371145693519098","279","121133417445","0.42857142857142855","7","35","7","35","0","0","","False",""
"Init_Reuse_0.3_Mut_4","pytutils.env","1615371539038050931","230","121524363123","0.5","8","76","6","67","2","9","","False",""
"Init_Reuse_0.3_Mut_0","pytutils.timers","1615371071283910359","0","5605372910","1.0","4","34","2","25","2","9","","False",""
"Init_Reuse_0.5_Mut_8","pytutils.urls","1615372100480156618","304","122440137939","0.75","3","18","3","18","0","0","","False",""
"Init_Reuse_0.3_Mut_0","pytutils.lazy.simple_import","1615371060564600488","180","121699234463","0.6","10","204","0","0","10","204","","False",""
"Init_Reuse_0.5_Mut_4","pytutils.files","1615371649736468290","205","121109941188","0.3103448275862069","7","91","6","86","1","5","","False",""
"Init_Reuse_0.3_Mut_8","pytutils.lazy.simple_import","1615371943778676460","322","121129636696","0.6","1","24","0","0","1","24","","False",""
"Init_Reuse_0.9_Mut_4","pytutils.pretty","1615371839237941574","211","121468548145","0.6470588235294118","7","44","7","44","0","0","","False",""
"Init_Reuse_0.3_Mut_4","pytutils.python","1615371467469591891","116","123074210971","0.3","7","231","0","0","7","231","","False",""
"Init_Reuse_0.5_Mut_0","pytutils.excs","1615371136890101244","186","121743909483","0.16666666666666666","6","130","0","0","6","130","","False",""
"Init_Reuse_0.9_Mut_8","pytutils.rand","1615372310072988190","0","4154423822","1.0","2","5","2","5","0","0","","False",""
"Init_Reuse_0.3_Mut_4","pytutils.lazy.lazy_import","1615371525926558261","149","123339842790","0.41379310344827586","13","101","13","101","0","0","","False",""
"Init_Reuse_0.5_Mut_0","pytutils.memo","1615371146799860301","210","121241655032","0.25","8","45","8","45","0","0","","False",""
"Init_Reuse_0.3_Mut_8","pytutils.trees","1615371956786090144","230","121131625547","0.75","7","68","7","68","0","0","","False",""
"Init_Reuse_0.5_Mut_8","pytutils.timers","1615372085179030241","0","6091699205","1.0","9","150","5","91","4","59","","False",""
"Init_Reuse_0.5_Mut_0","pytutils.env","1615371143982212523","299","121075697235","0.5","5","41","4","30","1","11","","False",""
"Init_Reuse_0.3_Mut_4","pytutils.lazy.lazy_regex","1615371490085826195","213","121789218064","0.6041666666666666","10","73","9","68","1","5","","False",""
"Init_Reuse_0.7_Mut_8","pytutils.path","1615372168388993573","162","121727669322","0.25","9","193","0","0","9","193","","False",""
"Init_Reuse_0.3_Mut_8","pytutils.files","1615371947373434221","146","121381623216","0.3448275862068966","10","162","9","138","1","24","","False",""
"Init_Reuse_0.9_Mut_0","pytutils.iters","1615371400725093943","207","121457660962","0.26666666666666666","10","123","6","64","4","59","","False",""
"Init_Reuse_0.9_Mut_8","pytutils.sets","1615372280738256293","143","121574854475","0.6666666666666666","11","96","11","96","0","0","","False",""
"Init_Reuse_0.7_Mut_8","pytutils.meth","1615372165925767233","0","5295051900","1.0","6","33","6","33","0","0","","False",""
"Init_Reuse_0.9_Mut_0","pytutils.rand","1615371375004752118","0","4148162330","1.0","9","23","9","23","0","0","","False",""
"Init_Reuse_0.7_Mut_4","pytutils.excs","1615371747952974903","162","123883603700","0.16666666666666666","10","246","0","0","10","246","","False",""
"Init_Reuse_0.5_Mut_8","pytutils.lazy.simple_import","1615372074346434992","203","122066972391","0.6","4","89","0","0","4","89","","False",""
"Init_Reuse_0.0_Mut_0","pytutils.pythree","1615370952431531254","284","121167982658","0.42857142857142855","7","38","7","38","0","0","","",""
"Init_Reuse_0.9_Mut_8","pytutils.lazy.lazy_import","1615372275644433658","140","122285204116","0.43103448275862066","14","109","14","109","0","0","","False",""
"Init_Reuse_0.5_Mut_4","pytutils.python","1615371578714358664","128","121967283974","0.3","4","90","0","0","4","90","","False",""
"Init_Reuse_0.5_Mut_0","pytutils.lazy.simple_import","1615371146706371668","440","121201581150","0.6","1","9","0","0","1","9","","False",""
"Init_Reuse_0.3_Mut_8","pytutils.sets","1615371957106182654","152","121574044142","0.6666666666666666","9","83","9","83","0","0","","False",""
"Init_Reuse_0.7_Mut_4","pytutils.lazy.lazy_regex","1615371731245242644","206","121342878502","0.6041666666666666","8","75","8","75","0","0","","False",""
"Init_Reuse_0.0_Mut_0","pytutils.lazy.lazy_import","1615370956167758881","114","122292282236","0.41379310344827586","16","154","14","112","2","42","","",""
"Init_Reuse_0.0_Mut_0","pytutils.python","1615370897880943844","181","122148494596","0.3","8","131","0","0","8","131","","",""
"Init_Reuse_0.7_Mut_0","pytutils.lazy.lazy_regex","1615371260673874759","189","121604322783","0.6041666666666666","9","74","8","67","1","7","","False",""
"Init_Reuse_0.7_Mut_0","pytutils.trees","1615371260578092412","162","121612950187","0.75","9","81","9","81","0","0","","False",""
"Init_Reuse_0.3_Mut_0","pytutils.lazy.lazy_import","1615371060576443866","131","122231696236","0.4224137931034483","15","161","15","161","0","0","","False",""
"Init_Reuse_0.9_Mut_4","pytutils.iters","1615371827066504949","241","121427851143","0.26666666666666666","7","58","6","49","1","9","","False",""
"Init_Reuse_0.7_Mut_8","pytutils.tlds","1615372223738576507","11","12577580176","1.0","9","54","8","51","1","3","","False",""
"Init_Reuse_0.5_Mut_4","pytutils.lazy.lazy_import","1615371619559902953","160","121655323829","0.4224137931034483","13","124","13","124","0","0","","False",""
"Init_Reuse_0.3_Mut_0","pytutils.sets","1615371059771101123","277","121458837877","0.6111111111111112","2","19","2","19","0","0","","False",""
"Init_Reuse_0.3_Mut_0","pytutils.iters","1615371069679470857","202","121579201978","0.26666666666666666","8","60","8","60","0","0","","False",""
"Init_Reuse_0.9_Mut_4","pytutils.env","1615371855563072424","216","121171940769","0.5","7","39","7","39","0","0","","False",""
"Init_Reuse_0.5_Mut_4","pytutils.memo","1615371619572828138","226","121579150396","0.25","8","43","7","38","1","5","","False",""
"Init_Reuse_0.9_Mut_8","pytutils.tlds","1615372341974277137","7","11977425787","1.0","8","52","8","52","0","0","","False",""
"Init_Reuse_0.3_Mut_0","pytutils.debug","1615371052070289107","0","7777652083","1.0","3","43","0","0","3","43","","False",""
"Init_Reuse_0.9_Mut_8","pytutils.meth","1615372286249415650","0","5610482789","1.0","4","17","4","17","0","0","","False",""
"Init_Reuse_0.5_Mut_8","pytutils.sets","1615372070311908075","171","121810728329","0.6666666666666666","8","74","8","74","0","0","","False",""
"Init_Reuse_0.3_Mut_8","pytutils.debug","1615371957985803884","0","8055322455","1.0","4","80","0","0","4","80","","False",""
"Init_Reuse_0.9_Mut_0","pytutils.mappings","1615371374970206254","109","122381922799","0.616","19","276","14","174","5","102","","False",""
"Init_Reuse_0.5_Mut_0","pytutils.files","1615371142487642045","205","122478212751","0.3448275862068966","7","69","7","69","0","0","","False",""
"Init_Reuse_0.7_Mut_8","pytutils.iters","1615372165584602571","188","121491834726","0.26666666666666666","9","132","8","105","1","27","","False",""
"Init_Reuse_0.7_Mut_0","pytutils.iters","1615371260956905479","260","121550047189","0.26666666666666666","8","71","6","60","2","11","","False",""
"Init_Reuse_0.9_Mut_0","pytutils.lazy.simple_import","1615371373103640057","208","121175656209","0.6","4","89","0","0","4","89","","False",""
"Init_Reuse_0.5_Mut_4","pytutils.pythree","1615371636789742672","274","122731425067","0.42857142857142855","7","38","7","38","0","0","","False",""
"Init_Reuse_0.3_Mut_4","pytutils.pythree","1615371510137569144","277","120958368307","0.42857142857142855","5","28","5","28","0","0","","False",""
"Init_Reuse_0.7_Mut_8","pytutils.sets","1615372203922608908","207","123029358890","0.6666666666666666","3","30","3","30","0","0","","False",""
"Init_Reuse_0.9_Mut_8","pytutils.timers","1615372351465581256","6","8409164559","1.0","1","27","0","0","1","27","","False",""
"Init_Reuse_0.7_Mut_0","pytutils.files","1615371261999371922","152","121751376872","0.2413793103448276","10","121","9","94","1","27","","False",""
"Init_Reuse_0.5_Mut_8","pytutils.iters","1615372070858387568","187","121977777633","0.26666666666666666","8","100","5","42","3","58","","False",""
"Init_Reuse_0.9_Mut_0","pytutils.tlds","1615371373172416100","270","121293076236","0.9166666666666666","7","41","7","41","0","0","","False",""
"Init_Reuse_0.7_Mut_8","pytutils.lazy.lazy_import","1615372203919938046","156","123036143690","0.4482758620689655","13","102","13","102","0","0","","False",""
"Init_Reuse_0.9_Mut_8","pytutils.path","1615372314613515765","206","121288048992","0.25","2","60","0","0","2","60","","False",""
"Init_Reuse_0.5_Mut_8","pytutils.trees","1615372069741692895","209","121991189441","0.75","8","74","8","74","0","0","","False",""
"Init_Reuse_0.7_Mut_4","pytutils.pythree","1615371772029442053","386","121468237968","0.42857142857142855","4","20","4","20","0","0","","False",""
"Init_Reuse_0.3_Mut_8","pytutils.path","1615371948228169367","161","121608205297","0.25","10","198","0","0","10","198","","False",""
"Init_Reuse_0.5_Mut_0","pytutils.iters","1615371135586475631","197","121707689114","0.26666666666666666","2","68","0","0","2","68","","False",""
"Init_Reuse_0.5_Mut_0","pytutils.lazy.lazy_import","1615371146799837382","124","122005691646","0.4224137931034483","14","122","14","122","0","0","","False",""
"Init_Reuse_0.3_Mut_8","pytutils.lazy.lazy_regex","1615371957103575299","188","121163679704","0.6041666666666666","9","79","9","79","0","0","","False",""
"Init_Reuse_0.7_Mut_4","pytutils.sets","1615371730142995737","176","121252169104","0.6666666666666666","8","78","7","66","1","12","","False",""
"Init_Reuse_0.5_Mut_8","pytutils.pythree","1615372084025045729","317","120963276845","0.42857142857142855","3","16","3","16","0","0","","False",""
"Init_Reuse_0.0_Mut_0","pytutils.lazy.simple_import","1615370956244642713","251","121229770238","0.6","6","78","0","0","6","78","","",""
"Init_Reuse_0.7_Mut_8","pytutils.files","1615372166181218223","189","121209062120","0.3103448275862069","8","127","6","102","2","25","","False",""
"Init_Reuse_0.9_Mut_0","pytutils.env","1615371395480315904","302","121257493593","0.5","9","46","7","34","2","12","","False",""
"Init_Reuse_0.7_Mut_4","pytutils.tlds","1615371751060795595","2","10628494502","1.0","8","45","8","45","0","0","","False",""
"Init_Reuse_0.5_Mut_8","pytutils.lazy.lazy_import","1615372078257835932","138","121808900091","0.4224137931034483","12","108","12","108","0","0","","False",""
"Init_Reuse_0.9_Mut_8","pytutils.lazy.simple_import","1615372275041444924","181","121615568107","0.6","8","175","0","0","8","175","","False",""
"Init_Reuse_0.7_Mut_8","pytutils.urls","1615372167354289509","231","121500964107","0.75","8","33","8","33","0","0","","False",""
"Init_Reuse_0.5_Mut_0","pytutils.rand","1615371143869003688","0","5053931343","1.0","3","7","3","7","0","0","","False",""
"Init_Reuse_0.3_Mut_4","pytutils.sets","1615371525937550041","218","122773086459","0.6666666666666666","8","66","7","56","1","10","","False",""
"Init_Reuse_0.9_Mut_0","pytutils.meth","1615371396979620659","0","7534325524","1.0","9","41","9","41","0","0","","False",""
"Init_Reuse_0.3_Mut_8","pytutils.meth","1615371964616084683","0","5086599742","1.0","3","13","3","13","0","0","","False",""
"Init_Reuse_0.7_Mut_4","pytutils.props","1615371735309274943","250","121144524297","0.6470588235294118","6","57","5","45","1","12","","False",""
"Init_Reuse_0.0_Mut_0","pytutils.timers","1615370953129294606","0","7472665437","1.0","5","58","4","33","1","25","","",""
"Init_Reuse_0.9_Mut_8","pytutils.memo","1615372275629640826","294","121462158334","0.25","8","34","8","34","0","0","","False",""
"Init_Reuse_0.9_Mut_8","pytutils.env","1615372306525045159","238","121064421214","0.5","8","77","8","77","0","0","","False",""
"Init_Reuse_0.3_Mut_4","pytutils.memo","1615371527943575793","215","122060145073","0.25","10","56","10","56","0","0","","False",""
"Init_Reuse_0.5_Mut_0","pytutils.sets","1615371147297781685","168","121104880358","0.6666666666666666","7","98","7","98","0","0","","False",""
"Init_Reuse_0.9_Mut_4","pytutils.timers","1615371860972538174","0","5658825434","1.0","2","48","0","0","2","48","","False",""
"Init_Reuse_0.9_Mut_0","pytutils.python","1615371414893304586","168","122618373974","0.3","5","104","0","0","5","104","","False",""
"Init_Reuse_0.3_Mut_8","pytutils.log","1615371957141629461","154","121538344690","0.7647058823529411","9","37","9","37","0","0","","False",""
"Init_Reuse_0.5_Mut_8","pytutils.debug","1615372098473358939","0","6678792530","1.0","2","32","0","0","2","32","","False",""
"Init_Reuse_0.3_Mut_0","pytutils.pretty","1615371060562668429","223","121402994788","0.6470588235294118","8","45","8","45","0","0","","False",""
"Init_Reuse_0.5_Mut_4","pytutils.path","1615371649539362019","201","121427408439","0.25","6","118","0","0","6","118","","False",""
"Init_Reuse_0.3_Mut_8","pytutils.pretty","1615371967772335060","211","121379764679","0.6470588235294118","8","43","8","43","0","0","","False",""
"Init_Reuse_0.9_Mut_4","pytutils.tlds","1615371839238514784","226","121184301091","0.9166666666666666","8","51","8","51","0","0","","False",""
"Init_Reuse_0.3_Mut_4","pytutils.debug","1615371467280123708","0","8168307450","1.0","8","189","0","0","8","189","","False",""
"Init_Reuse_0.5_Mut_0","pytutils.props","1615371145692612631","204","121418205052","0.6470588235294118","10","75","9","71","1","4","","False",""
"Init_Reuse_0.5_Mut_4","pytutils.iters","1615371647970530158","182","121130266269","0.26666666666666666","10","88","8","64","2","24","","False",""
"Init_Reuse_0.3_Mut_8","pytutils.tlds","1615371968743318933","5","7943531308","1.0","8","59","8","59","0","0","","False",""
"Init_Reuse_0.9_Mut_4","pytutils.lazy.lazy_import","1615371830362293158","122","122207362678","0.41379310344827586","12","113","12","113","0","0","","False",""
"Init_Reuse_0.3_Mut_4","pytutils.iters","1615371536439855567","224","122832003009","0.26666666666666666","8","47","6","33","2","14","","False",""
"Init_Reuse_0.3_Mut_0","pytutils.pythree","1615371070719620015","372","122108250316","0.42857142857142855","4","26","4","26","0","0","","False",""
"Init_Reuse_0.3_Mut_4","pytutils.rand","1615371529031581113","0","5802521243","1.0","3","9","3","9","0","0","","False",""
"Init_Reuse_0.0_Mut_0","pytutils.rand","1615370956260263991","0","3695795715","1.0","2","4","2","4","0","0","","",""
"Init_Reuse_0.7_Mut_0","pytutils.props","1615371249827137194","219","121348109162","0.6470588235294118","10","67","9","64","1","3","","False",""
"Init_Reuse_0.7_Mut_4","pytutils.meth","1615371715736512292","0","6599956534","1.0","1","3","1","3","0","0","","False",""
"Init_Reuse_0.5_Mut_8","pytutils.path","1615372103015028730","135","122344320619","0.25","10","243","0","0","10","243","","False",""
"Init_Reuse_0.0_Mut_0","pytutils.mappings","1615370956264019151","96","122390232731","0.616","19","321","19","321","0","0","","",""
"Init_Reuse_0.7_Mut_0","pytutils.timers","1615371320464335385","0","6747576163","1.0","7","89","5","50","2","39","","False",""
"Init_Reuse_0.7_Mut_4","pytutils.iters","1615371757003686088","227","123109419095","0.26666666666666666","8","85","3","29","5","56","","False",""
"Init_Reuse_0.7_Mut_4","pytutils.pretty","1615371747308288101","149","123024288693","0.6470588235294118","10","55","10","55","0","0","","False",""
"Init_Reuse_0.0_Mut_0","pytutils.props","1615370953031705030","241","121449284613","0.6470588235294118","8","59","8","59","0","0","","",""
"Init_Reuse_0.5_Mut_8","pytutils.tlds","1615372111858763849","62","31200410479","1.0","7","54","7","54","0","0","","False",""
"Init_Reuse_0.3_Mut_4","pytutils.excs","1615371508821202367","234","121488756035","0.16666666666666666","6","99","0","0","6","99","","False",""
"Init_Reuse_0.7_Mut_4","pytutils.memo","1615371718522774020","170","122996463951","0.25","10","63","10","63","0","0","","False",""
"Init_Reuse_0.0_Mut_0","pytutils.pretty","1615370956258489177","215","121512951328","0.6470588235294118","6","42","6","42","0","0","","",""
"Init_Reuse_0.5_Mut_8","pytutils.excs","1615372114064738108","170","123792043601","0.16666666666666666","5","138","0","0","5","138","","False",""
"Init_Reuse_0.9_Mut_8","pytutils.log","1615372289722090901","185","121607120836","0.7647058823529411","9","70","9","70","0","0","","False",""
"Init_Reuse_0.5_Mut_0","pytutils.lazy.lazy_regex","1615371154701060319","186","121902549309","0.6041666666666666","11","99","11","99","0","0","","False",""
"Init_Reuse_0.3_Mut_4","pytutils.pretty","1615371530231967306","210","121199075182","0.6470588235294118","4","25","4","25","0","0","","False",""
"Init_Reuse_0.3_Mut_8","pytutils.mappings","1615371946437792945","117","122365421530","0.664","17","278","15","261","2","17","","False",""
"Init_Reuse_0.9_Mut_0","pytutils.debug","1615371404075178643","0","7977788422","1.0","1","34","0","0","1","34","","False",""
"Init_Reuse_0.3_Mut_4","pytutils.log","1615371533574780767","237","122244248981","0.7647058823529411","10","61","9","58","1","3","","False",""
"Init_Reuse_0.5_Mut_0","pytutils.mappings","1615371141884277039","90","124424555563","0.544","18","308","16","274","2","34","","False",""
"Init_Reuse_0.7_Mut_8","pytutils.debug","1615372167351004721","0","7531149326","1.0","6","128","0","0","6","128","","False",""
"Init_Reuse_0.3_Mut_8","pytutils.iters","1615371946165450542","263","121177240302","0.26666666666666666","7","57","5","46","2","11","","False",""
"Init_Reuse_0.9_Mut_0","pytutils.files","1615371400835951648","169","121784663988","0.2413793103448276","8","115","6","72","2","43","","False",""
"Init_Reuse_0.9_Mut_8","pytutils.trees","1615372273046830913","171","121758903223","0.75","10","85","10","85","0","0","","False",""
"Init_Reuse_0.5_Mut_4","pytutils.env","1615371619224480704","220","122359578571","0.5","6","65","5","63","1","2","","False",""
"Init_Reuse_0.3_Mut_4","pytutils.meth","1615371465773970695","0","4634930551","1.0","5","28","5","28","0","0","","False",""
"Init_Reuse_0.9_Mut_4","pytutils.memo","1615371828883155474","324","121552417849","0.25","6","26","6","26","0","0","","False",""
"Init_Reuse_0.9_Mut_4","pytutils.debug","1615371835585118753","0","9026066628","1.0","1","28","0","0","1","28","","False",""
"Init_Reuse_0.5_Mut_8","pytutils.python","1615372106333773794","197","122714389291","0.3","3","68","0","0","3","68","","False",""
"Init_Reuse_0.3_Mut_0","pytutils.tlds","1615371060295240398","231","121220447389","0.9166666666666666","6","30","6","30","0","0","","False",""
"Init_Reuse_0.3_Mut_8","pytutils.memo","1615371943986533013","268","121345957598","0.25","6","21","5","19","1","2","","False",""
"Init_Reuse_0.5_Mut_4","pytutils.urls","1615371649736540447","289","121165946692","0.75","8","37","8","37","0","0","","False",""
"Init_Reuse_0.5_Mut_0","pytutils.pretty","1615371147299411505","195","121458618249","0.6470588235294118","8","48","8","48","0","0","","False",""
"Init_Reuse_0.3_Mut_4","pytutils.urls","1615371467280322149","304","121221520830","0.75","5","22","5","22","0","0","","False",""
"Init_Reuse_0.9_Mut_4","pytutils.excs","1615371839237492503","149","123122398386","0.16666666666666666","10","220","0","0","10","220","","False",""
"Init_Reuse_0.0_Mut_0","pytutils.memo","1615370945775319996","218","121314147131","0.25","8","32","8","32","0","0","","",""
"Init_Reuse_0.7_Mut_4","pytutils.trees","1615371730575539021","146","121356136495","0.75","10","83","10","83","0","0","","False",""
"Init_Reuse_0.0_Mut_0","pytutils.lazy.lazy_regex","1615370956258384690","140","121188450783","0.6041666666666666","10","100","10","100","0","0","","",""
"Init_Reuse_0.7_Mut_4","pytutils.mappings","1615371722683134458","123","122354999764","0.68","19","227","13","139","6","88","","False",""
"Init_Reuse_0.3_Mut_8","pytutils.timers","1615372003690128624","0","6836061669","1.0","3","32","3","32","0","0","","False",""
"Init_Reuse_0.5_Mut_4","pytutils.mappings","1615371621591461251","111","122719771336","0.616","13","269","11","203","2","66","","False",""
"Init_Reuse_0.7_Mut_0","pytutils.excs","1615371250282926508","334","121084701678","0.16666666666666666","1","18","0","0","1","18","","False",""
"Init_Reuse_0.0_Mut_0","pytutils.meth","1615370900500243284","0","5573752319","1.0","6","32","6","32","0","0","","",""
"Init_Reuse_0.7_Mut_4","pytutils.urls","1615371731561529028","231","121503702882","0.75","8","36","8","36","0","0","","False",""
"Init_Reuse_0.7_Mut_0","pytutils.rand","1615371262560667652","0","4917455195","1.0","2","5","2","5","0","0","","False",""
"Init_Reuse_0.5_Mut_4","pytutils.props","1615371625853062786","229","122527405025","0.6470588235294118","6","45","6","45","0","0","","False",""
"Init_Reuse_0.7_Mut_0","pytutils.lazy.lazy_import","1615371252687465525","119","122291877918","0.41379310344827586","15","117","14","103","1","14","","False",""
"Init_Reuse_0.0_Mut_0","pytutils.debug","1615370898976975059","0","7763476444","1.0","1","29","0","0","1","29","","",""
"Init_Reuse_0.9_Mut_4","pytutils.lazy.lazy_regex","1615371830524277937","245","121475232882","0.6041666666666666","10","76","8","65","2","11","","False",""
"Init_Reuse_0.3_Mut_0","pytutils.mappings","1615371059606857143","113","122747837922","0.584","17","241","15","212","2","29","","False",""
"Init_Reuse_0.7_Mut_4","pytutils.python","1615371732356289944","231","121504041465","0.3","3","59","0","0","3","59","","False",""
"Init_Reuse_0.7_Mut_0","pytutils.pretty","1615371252439088270","138","121624023278","0.6470588235294118","10","60","10","60","0","0","","False",""
"Init_Reuse_0.0_Mut_0","pytutils.path","1615370898977857564","185","121626068113","0.25","7","145","0","0","7","145","","",""
"Init_Reuse_0.7_Mut_8","pytutils.pythree","1615372190784404459","425","121045332543","0.42857142857142855","2","13","2","13","0","0","","False",""
"Init_Reuse_0.9_Mut_4","pytutils.log","1615371859384576830","193","122210376543","0.7647058823529411","8","53","8","53","0","0","","False",""
"Init_Reuse_0.5_Mut_4","pytutils.trees","1615371617554247887","172","121577555285","0.75","10","66","10","66","0","0","","False",""
"Init_Reuse_0.7_Mut_8","pytutils.pretty","1615372225056484396","162","122672717762","0.6470588235294118","10","63","10","63","0","0","","False",""
"Init_Reuse_0.9_Mut_4","pytutils.path","1615371835432125106","188","122448857307","0.25","8","145","0","0","8","145","","False",""
"Init_Reuse_0.9_Mut_0","pytutils.props","1615371385289724445","280","121207608579","0.6470588235294118","8","44","8","44","0","0","","False",""
"Init_Reuse_0.5_Mut_4","pytutils.tlds","1615371625853062239","205","122129637523","0.9166666666666666","11","61","10","52","1","9","","False",""
"Init_Reuse_0.3_Mut_0","pytutils.log","1615371057946152405","178","122689965146","0.8235294117647058","12","87","12","87","0","0","","False",""
"Init_Reuse_0.5_Mut_4","pytutils.timers","1615371638033427389","0","7889035349","1.0","8","121","4","49","4","72","","False",""
"Init_Reuse_0.9_Mut_0","pytutils.sets","1615371398054902514","194","122698953323","0.6666666666666666","7","50","6","43","1","7","","False",""
"Init_Reuse_0.7_Mut_8","pytutils.log","1615372164191062627","186","121244453998","0.7647058823529411","10","61","9","58","1","3","","False",""
"Init_Reuse_0.5_Mut_0","pytutils.python","1615371157747893521","171","122695154631","0.3","5","106","0","0","5","106","","False",""
"Init_Reuse_0.9_Mut_8","pytutils.pythree","1615372351463894940","284","121239378141","0.42857142857142855","4","21","4","21","0","0","","False",""
"Init_Reuse_0.3_Mut_0","pytutils.urls","1615371058175002520","295","121068355033","0.75","4","33","4","33","0","0","","False",""
"Init_Reuse_0.9_Mut_8","pytutils.excs","1615372337567527526","192","121774513767","0.16666666666666666","7","147","0","0","7","147","","False",""
"Init_Reuse_0.9_Mut_0","pytutils.lazy.lazy_regex","1615371376075484225","169","121606259059","0.6041666666666666","10","91","10","91","0","0","","False",""
"Init_Reuse_0.7_Mut_8","pytutils.mappings","1615372183755496597","108","124489022144","0.648","17","247","13","176","4","71","","False",""
"Init_Reuse_0.5_Mut_0","pytutils.debug","1615371157986037486","0","8118560651","1.0","8","137","0","0","8","137","","False",""
"Init_Reuse_0.3_Mut_0","pytutils.files","1615371056584134393","251","121271373333","0.3103448275862069","5","60","4","42","1","18","","False",""
"Init_Reuse_0.9_Mut_8","pytutils.urls","1615372316247989180","205","121143030545","0.75","9","50","9","50","0","0","","False",""
"Init_Reuse_0.5_Mut_8","pytutils.log","1615372068403544381","161","121391286912","0.7941176470588235","8","57","8","57","0","0","","False",""
"Init_Reuse_0.7_Mut_0","pytutils.python","1615371254742739896","329","121384850640","0.3","3","24","0","0","3","24","","False",""
"Init_Reuse_0.5_Mut_8","pytutils.env","1615372070779338134","175","122058745127","0.5","10","118","9","106","1","12","","False",""
"Init_Reuse_0.7_Mut_0","pytutils.path","1615371262669887925","216","121306056591","0.25","5","94","0","0","5","94","","False",""
"Init_Reuse_0.3_Mut_8","pytutils.pythree","1615371951480823055","331","121047021975","0.42857142857142855","6","33","6","33","0","0","","False",""
"Init_Reuse_0.5_Mut_4","pytutils.log","1615371622178024356","203","121378558750","0.7941176470588235","10","55","10","55","0","0","","False",""
"Init_Reuse_0.7_Mut_0","pytutils.tlds","1615371250283468208","262","121236068339","0.9166666666666666","9","48","8","45","1","3","","False",""
"Init_Reuse_0.0_Mut_0","pytutils.iters","1615370949200283834","237","121382523296","0.26666666666666666","6","62","5","55","1","7","","",""
"Init_Reuse_0.9_Mut_4","pytutils.python","1615371833657908357","168","122404684702","0.3","7","129","0","0","7","129","","False",""
"Init_Reuse_0.7_Mut_4","pytutils.path","1615371716028831871","217","121540045404","0.25","3","77","0","0","3","77","","False",""
"Init_Reuse_0.9_Mut_4","pytutils.pythree","1615371820238350568","318","120940918145","0.42857142857142855","6","34","6","34","0","0","","False",""
"Init_Reuse_0.0_Mut_0","pytutils.trees","1615370956246118620","207","121606143340","0.75","8","59","8","59","0","0","","",""
"Init_Reuse_0.7_Mut_4","pytutils.rand","1615371757003613486","0","6334603737","1.0","10","26","10","26","0","0","","False",""
"Init_Reuse_0.3_Mut_0","pytutils.excs","1615371060576572300","262","121209547944","0.16666666666666666","4","62","0","0","4","62","","False",""
"Init_Reuse_0.3_Mut_8","pytutils.lazy.lazy_import","1615371941758231466","140","121628371298","0.43103448275862066","12","97","12","97","0","0","","False",""
"Init_Reuse_0.5_Mut_4","pytutils.debug","1615371577443536067","0","8356892969","1.0","3","90","0","0","3","90","","False",""
"Init_Reuse_0.5_Mut_0","pytutils.tlds","1615371136024728777","309","121322661581","0.9166666666666666","8","42","7","39","1","3","","False",""
"Init_Reuse_0.3_Mut_4","pytutils.path","1615371467456958323","135","121694493726","0.25","10","241","0","0","10","241","","False",""
"Init_Reuse_0.9_Mut_4","pytutils.props","1615371839404106967","186","121599582574","0.6470588235294118","10","75","9","69","1","6","","False",""
"Init_Reuse_0.0_Mut_0","pytutils.sets","1615370946454360220","170","122027924712","0.6666666666666666","8","85","8","85","0","0","","",""
"Init_Reuse_0.7_Mut_4","pytutils.log","1615371722683691737","171","121468913341","0.7941176470588235","11","64","11","64","0","0","","False",""
"Init_Reuse_0.3_Mut_8","pytutils.props","1615371967772375183","185","121609854676","0.6470588235294118","9","63","9","63","0","0","","False",""
"Init_Reuse_0.5_Mut_4","pytutils.rand","1615371616265063438","0","4793339940","1.0","6","20","6","20","0","0","","False",""
"Init_Reuse_0.3_Mut_4","pytutils.files","1615371464702701936","147","121802535556","0.2413793103448276","10","143","10","143","0","0","","False",""
"Init_Reuse_0.5_Mut_0","pytutils.timers","1615371145694440001","0","6199261067","1.0","8","90","7","75","1","15","","False",""
"Init_Reuse_0.9_Mut_4","pytutils.sets","1615371829312964385","172","121985887467","0.6666666666666666","10","78","9","72","1","6","","False",""
"Init_Reuse_0.9_Mut_4","pytutils.urls","1615371835431610586","446","122329803241","0.75","2","11","2","11","0","0","","False",""
"Init_Reuse_0.3_Mut_0","pytutils.props","1615371037319737258","220","121307476220","0.6470588235294118","8","66","8","66","0","0","","False",""
"Init_Reuse_0.7_Mut_8","pytutils.python","1615372190459811144","144","122459398261","0.3","8","199","0","0","8","199","","False",""
"Init_Reuse_0.3_Mut_4","pytutils.trees","1615371535331621122","149","121882886124","0.75","10","81","10","81","0","0","","False",""
"Init_Reuse_0.5_Mut_0","pytutils.log","1615371170376365389","163","124643174677","0.7941176470588235","11","72","11","72","0","0","","False",""
"Init_Reuse_0.9_Mut_0","pytutils.path","1615371396979593985","476","123071045903","0.25","1","8","0","0","1","8","","False",""
"Init_Reuse_0.3_Mut_8","pytutils.env","1615371946346792353","233","121208390232","0.5","9","68","9","68","0","0","","False",""
"Init_Reuse_0.9_Mut_8","pytutils.lazy.lazy_regex","1615372272986890476","176","121344957658","0.6041666666666666","11","100","10","91","1","9","","False",""
"Init_Reuse_0.9_Mut_8","pytutils.mappings","1615372310061103397","107","122105492286","0.616","21","289","16","232","5","57","","False",""
"Init_Reuse_0.5_Mut_0","pytutils.trees","1615371169276649741","202","121468649603","0.75","8","69","8","69","0","0","","False",""
"Init_Reuse_0.3_Mut_4","pytutils.lazy.simple_import","1615371525937525813","325","122610190395","0.6","3","40","0","0","3","40","","False",""
"Init_Reuse_0.9_Mut_0","pytutils.urls","1615371400603578723","391","120951354934","0.75","2","12","2","12","0","0","","False",""
"Init_Reuse_0.3_Mut_8","pytutils.rand","1615371946378573572","0","4640163355","1.0","1","2","1","2","0","0","","False",""
"Init_Reuse_0.3_Mut_4","pytutils.tlds","1615371508896216170","180","121250497347","0.9166666666666666","9","59","9","59","0","0","","False",""
"Init_Reuse_0.7_Mut_4","pytutils.lazy.lazy_import","1615371755576896389","130","121762923661","0.41379310344827586","15","118","14","108","1","10","","False",""
"Init_Reuse_0.0_Mut_0","pytutils.tlds","1615370952979433612","68","38197301990","1.0","9","61","8","58","1","3","","",""
"Init_Reuse_0.5_Mut_8","pytutils.props","1615372113572702623","252","122954071837","0.6470588235294118","8","55","8","55","0","0","","False",""
"Init_Reuse_0.7_Mut_4","pytutils.lazy.simple_import","1615371751057252614","219","121542367548","0.6","2","59","0","0","2","59","","False",""
"Init_Reuse_0.0_Mut_0","pytutils.excs","1615370953030666412","424","120920061347","0.16666666666666666","1","7","0","0","1","7","","",""
"Init_Reuse_0.5_Mut_8","pytutils.pretty","1615372076786335370","213","122000004873","0.6470588235294118","6","30","6","30","0","0","","False",""
"Init_Reuse_0.7_Mut_0","pytutils.urls","1615371262935184131","231","121108248359","0.75","10","45","10","45","0","0","","False",""
"Init_Reuse_0.5_Mut_8","pytutils.rand","1615372069549189063","0","4889639117","1.0","8","26","8","26","0","0","","False",""
"Init_Reuse_0.9_Mut_8","pytutils.python","1615372291710548901","217","121196782872","0.3","4","75","0","0","4","75","","False",""
"Init_Reuse_0.3_Mut_0","pytutils.meth","1615371066965094457","0","5473112762","1.0","2","7","2","7","0","0","","False",""
"Init_Reuse_0.9_Mut_8","pytutils.debug","1615372316783316059","0","7700373608","1.0","7","134","0","0","7","134","","False",""
"Init_Reuse_0.7_Mut_0","pytutils.debug","1615371262826298698","0","7692801902","1.0","5","102","0","0","5","102","","False",""
"Init_Reuse_0.5_Mut_8","pytutils.mappings","1615372067214740086","117","124533072896","0.68","17","261","16","238","1","23","","False",""
"Init_Reuse_0.3_Mut_0","pytutils.path","1615371058860604489","187","121335606271","0.25","3","94","0","0","3","94","","False",""
"Init_Reuse_0.9_Mut_8","pytutils.props","1615372341977638947","220","124151144943","0.6470588235294118","9","70","8","68","1","2","","False",""
"Init_Reuse_0.9_Mut_0","pytutils.trees","1615371375890133416","191","121110966255","0.75","9","65","9","65","0","0","","False",""
"Init_Reuse_0.5_Mut_0","pytutils.urls","1615371142676457459","358","121135148647","0.75","2","10","2","10","0","0","","False",""
"Init_Reuse_0.7_Mut_8","pytutils.rand","1615372165539941752","0","4882777026","1.0","8","21","8","21","0","0","","False",""
"Init_Reuse_0.9_Mut_0","pytutils.memo","1615371374674766380","219","121785885574","0.25","7","40","7","40","0","0","","False",""
"Init_Reuse_0.3_Mut_4","pytutils.props","1615371505911525717","194","122259570333","0.6470588235294118","9","64","9","64","0","0","","False",""
"Init_Reuse_0.7_Mut_8","pytutils.trees","1615372164050582919","186","121393308454","0.75","6","43","6","43","0","0","","False",""
"Init_Reuse_0.7_Mut_8","pytutils.lazy.simple_import","1615372225588541608","175","122509969161","0.6","8","179","0","0","8","179","","False",""
"Init_Reuse_0.9_Mut_4","pytutils.files","1615371826404541150","230","121356879483","0.2413793103448276","5","77","5","77","0","0","","False",""
"Init_Reuse_0.9_Mut_0","pytutils.excs","1615371373104342454","148","122593238351","0.16666666666666666","10","248","0","0","10","248","","False",""
"Init_Reuse_0.5_Mut_4","pytutils.pretty","1615371622553479057","169","122268892147","0.6470588235294118","9","55","9","55","0","0","","False",""
"Init_Reuse_0.3_Mut_0","pytutils.trees","1615371059100846140","186","121794417812","0.75","8","73","8","73","0","0","","False",""
"Init_Reuse_0.3_Mut_0","pytutils.rand","1615371060143654760","0","4453769509","1.0","6","18","6","18","0","0","","False",""
"Init_Reuse_0.7_Mut_4","pytutils.debug","1615371731916728914","0","6960473174","1.0","4","62","0","0","4","62","","False",""
"Init_Reuse_0.7_Mut_0","pytutils.lazy.simple_import","1615371252678141731","400","120928522148","0.6","1","14","0","0","1","14","","False",""
"Init_Reuse_0.0_Mut_0","pytutils.files","1615370900605787882","184","121373301715","0.2413793103448276","8","96","7","84","1","12","","",""
"Init_Reuse_0.7_Mut_8","pytutils.timers","1615372218807033176","0","5190529734","1.0","2","17","0","0","2","17","","False",""
"Init_Reuse_0.9_Mut_4","pytutils.mappings","1615371859387570757","105","123414784788","0.64","17","275","17","275","0","0","","False",""
"Init_Reuse_0.5_Mut_4","pytutils.lazy.lazy_regex","1615371619146132059","199","121413634098","0.6041666666666666","8","87","6","58","2","29","","False",""
"Init_Reuse_0.7_Mut_0","pytutils.memo","1615371248496012435","323","121187038362","0.25","6","35","6","35","0","0","","False",""
"Init_Reuse_0.0_Mut_0","pytutils.urls","1615370898255371596","260","120992417395","0.75","7","39","7","39","0","0","","",""
"Init_Reuse_0.9_Mut_4","pytutils.trees","1615371830469751583","163","121503117872","0.75","11","92","11","92","0","0","","False",""
"Init_Reuse_0.7_Mut_0","pytutils.mappings","1615371255188772061","122","122860419423","0.56","16","225","14","204","2","21","","False",""
"Init_Reuse_0.5_Mut_4","pytutils.excs","1615371622553032612","172","122496991240","0.16666666666666666","7","162","0","0","7","162","","False",""
