"ConfigurationId","TargetModule","RandomSeed","AlgorithmIterations","TotalTime","Coverage","Size","Length","FailingSize","FailingLength","PassingSize","PassingLength","CollectedTestCases","SuitableTestModule","FoundTestCases"
"Init_Reuse_0.5_Mut_8","mimesis.builtins.uk","1615373830648033783","0","8745221504","1.0","6","26","6","26","0","0","1","True","2"
"Init_Reuse_0.5_Mut_4","mimesis.providers.path","1615373371701540095","361","121227947920","0.35714285714285715","6","17","6","17","0","0","9","True","15"
"Init_Reuse_0.9_Mut_8","mimesis.providers.path","1615374058382312487","721","121173605606","0.35714285714285715","6","12","6","12","0","0","9","True","15"
"Init_Reuse_0.5_Mut_0","mimesis.builtins.ru","1615372927948365442","179","121822038070","0.803921568627451","7","76","5","36","2","40","8","True","12"
"Init_Reuse_0.3_Mut_4","mimesis.builtins.ru","1615373297352014403","91","124103179315","0.803921568627451","8","207","2","30","6","177","8","True","12"
"Init_Reuse_0.7_Mut_8","mimesis.shortcuts","1615373968285596964","28","23372857839","1.0","9","38","9","38","0","0","1","True","2"
"Init_Reuse_0.3_Mut_4","mimesis.shortcuts","1615373310563743941","6","10380388622","1.0","9","34","8","31","1","3","1","True","2"
"Init_Reuse_0.7_Mut_4","mimesis.providers.person","1615373500529238824","114","123286124946","0.95","16","161","9","96","7","65","34","True","68"
"Init_Reuse_0.0_Mut_0","mimesis.builtins.ru","1615372669113094685","119","122161247380","0.803921568627451","9","135","6","64","3","71","","",""
"Init_Reuse_0.7_Mut_0","mimesis.providers.file","1615372994933482569","3","4141310929","1.0","4","27","4","27","0","0","8","True","12"
"Init_Reuse_0.9_Mut_0","mimesis.providers.payment","1615373170928492651","226","177771946931","0.9615384615384616","4","34","3","23","1","11","13","True","22"
"Init_Reuse_0.3_Mut_0","mimesis.providers.business","1615372756571622311","0","6543640960","1.0","6","72","1","6","5","66","13","True","22"
"Init_Reuse_0.9_Mut_4","mimesis.providers.clothing","1615373620179986625","0","2545936945","1.0","9","52","0","0","9","52","7","True","10"
"Init_Reuse_0.0_Mut_0","mimesis.builtins.pt_br","1615372716328200388","244","122442528656","0.8","4","62","0","0","4","62","","",""
"Init_Reuse_0.3_Mut_4","mimesis.builtins.pt_br","1615373285475021441","176","121454342413","0.8","3","75","0","0","3","75","","False",""
"Init_Reuse_0.7_Mut_8","mimesis.builtins.ru","1615373996745376292","222","122836625546","0.7843137254901961","7","98","2","44","5","54","8","True","12"
"Init_Reuse_0.7_Mut_0","mimesis.providers.base","1615373002544045517","437","121702886153","0.45","2","28","2","28","0","0","5","True","13"
"Init_Reuse_0.3_Mut_8","mimesis.builtins.de","1615373749575046511","0","7784821854","1.0","5","89","0","0","5","89","14","True","14"
"Init_Reuse_0.9_Mut_8","mimesis.providers.internet","1615374067531192373","51","128537881914","0.9210526315789473","9","79","5","50","4","29","24","True","42"
"Init_Reuse_0.7_Mut_0","mimesis.providers.person","1615373038976054064","112","122904716997","0.9375","9","169","7","127","2","42","34","True","68"
"Init_Reuse_0.7_Mut_4","mimesis.providers.file","1615373461336940509","0","7156407861","1.0","7","25","5","21","2","4","8","True","12"
"Init_Reuse_0.3_Mut_0","mimesis.builtins.nl","1615372769534788133","198","121930776829","0.9230769230769231","2","26","0","0","2","26","2","True","4"
"Init_Reuse_0.9_Mut_4","mimesis.decorators","1615373612515859304","830","121266397836","0.14285714285714285","8","20","0","0","8","20","14","True","14"
"Init_Reuse_0.0_Mut_0","mimesis.builtins.pl","1615372716322319061","168","123345615679","0.6666666666666666","9","103","5","58","4","45","","",""
"Init_Reuse_0.5_Mut_8","mimesis.builtins.it","1615373822650336483","314","121083515227","0.8571428571428571","8","22","4","9","4","13","6","True","8"
"Init_Reuse_0.7_Mut_4","mimesis.providers.choice","1615373479152030251","234","121702689197","0.9032258064516129","9","55","6","36","3","19","6","True","10"
"Init_Reuse_0.3_Mut_4","mimesis.exceptions","1615373254416550781","265","121467233519","0.9545454545454546","6","66","4","45","2","21","","False",""
"Init_Reuse_0.9_Mut_4","mimesis.providers.base","1615373590122027805","223","121649413314","0.45","8","48","8","48","0","0","5","True","13"
"Init_Reuse_0.7_Mut_0","mimesis.builtins.pt_br","1615373074769090049","136","122718394308","0.8","7","145","0","0","7","145","","False",""
"Init_Reuse_0.3_Mut_0","mimesis.providers.code","1615372784927565497","0","5106118897","1.0","8","32","5","27","3","5","12","True","18"
"Init_Reuse_0.9_Mut_4","mimesis.shortcuts","1615373627904066926","9","11604248578","1.0","8","39","8","39","0","0","1","True","2"
"Init_Reuse_0.9_Mut_0","mimesis.providers.science","1615373149410722865","0","4094902868","1.0","8","35","0","0","8","35","8","True","12"
"Init_Reuse_0.9_Mut_0","mimesis.random","1615373178867803865","281","121410358500","0.9714285714285714","6","76","6","76","0","0","1","True","9"
"Init_Reuse_0.3_Mut_0","mimesis.providers.person","1615372806013914920","110","122307052105","0.95","13","169","10","118","3","51","34","True","68"
"Init_Reuse_0.5_Mut_0","mimesis.builtins.de","1615372919354773806","0","5299659043","1.0","1","24","0","0","1","24","14","True","14"
"Init_Reuse_0.5_Mut_4","mimesis.providers.business","1615373362051524842","0","6538083806","1.0","6","101","1","26","5","75","13","True","22"
"Init_Reuse_0.7_Mut_8","mimesis.providers.base","1615373950325589724","182","122150149230","0.45","9","46","8","34","1","12","5","True","13"
"Init_Reuse_0.9_Mut_8","mimesis.providers.code","1615374054438102918","3","2774691539","1.0","8","18","7","13","1","5","12","True","18"
"Init_Reuse_0.7_Mut_8","mimesis.exceptions","1615373945527438782","174","122293505411","0.9545454545454546","8","97","5","43","3","54","","False",""
"Init_Reuse_0.5_Mut_0","mimesis.providers.payment","1615372931485493017","148","123608223783","0.9615384615384616","9","46","5","30","4","16","13","True","22"
"Init_Reuse_0.5_Mut_0","mimesis.builtins.pt_br","1615372919856740154","154","121836131091","0.8","7","148","0","0","7","148","","False",""
"Init_Reuse_0.0_Mut_0","mimesis.providers.person","1615372674451039055","68","123137904369","0.95","15","237","13","192","2","45","","",""
"Init_Reuse_0.7_Mut_0","mimesis.providers.clothing","1615373040136402381","0","3074231171","1.0","1","17","1","17","0","0","7","True","10"
"Init_Reuse_0.3_Mut_0","mimesis.builtins.pl","1615372817258087497","185","121467362527","0.6666666666666666","8","108","8","108","0","0","","False",""
"Init_Reuse_0.5_Mut_8","mimesis.providers.science","1615373850639883266","0","6615657148","1.0","8","108","1","5","7","103","8","True","12"
"Init_Reuse_0.7_Mut_4","mimesis.providers.code","1615373483672813197","0","3618371931","1.0","7","28","3","20","4","8","12","True","18"
"Init_Reuse_0.3_Mut_8","mimesis.providers.clothing","1615373747303445812","0","7022691585","1.0","5","76","4","50","1","26","7","True","10"
"Init_Reuse_0.0_Mut_0","mimesis.builtins.en","1615372675143379998","214","121463750930","0.8461538461538461","8","74","6","58","2","16","","",""
"Init_Reuse_0.7_Mut_0","mimesis.builtins.en","1615373041170161590","367","121189949168","0.8461538461538461","5","59","2","22","3","37","13","True","22"
"Init_Reuse_0.3_Mut_0","mimesis.providers.payment","1615372811781299863","132","121666185768","0.9615384615384616","8","66","8","66","0","0","13","True","22"
"Init_Reuse_0.5_Mut_0","mimesis.providers.person","1615372938394031942","111","122766390364","0.95","10","137","8","114","2","23","34","True","68"
"Init_Reuse_0.7_Mut_8","mimesis.providers.payment","1615373947262469073","144","122770776949","0.9615384615384616","7","76","6","73","1","3","13","True","22"
"Init_Reuse_0.5_Mut_4","mimesis.builtins.ru","1615373409759049807","149","122288976496","0.803921568627451","12","133","5","74","7","59","8","True","12"
"Init_Reuse_0.3_Mut_0","mimesis.builtins.ru","1615372839987561265","140","121755158698","0.803921568627451","8","141","3","58","5","83","8","True","12"
"Init_Reuse_0.7_Mut_8","mimesis.providers.file","1615373949511598819","2","4042493213","1.0","6","20","6","20","0","0","8","True","12"
"Init_Reuse_0.7_Mut_0","mimesis.providers.choice","1615373026663512732","286","121411340259","0.9354838709677419","6","52","6","52","0","0","6","True","10"
"Init_Reuse_0.0_Mut_0","mimesis.builtins.nl","1615372676412369834","125","122228496591","0.9230769230769231","3","77","0","0","3","77","","",""
"Init_Reuse_0.5_Mut_8","mimesis.builtins.ru","1615373844363224358","136","122698227827","0.803921568627451","9","172","1","19","8","153","8","True","12"
"Init_Reuse_0.9_Mut_0","mimesis.builtins.pl","1615373145305271460","167","121720314712","0.6666666666666666","12","85","9","56","3","29","","False",""
"Init_Reuse_0.9_Mut_0","mimesis.providers.internet","1615373124423445646","26","136569445335","0.7894736842105263","3","42","2","21","1","21","24","True","42"
"Init_Reuse_0.7_Mut_0","mimesis.shortcuts","1615373076193271405","35","14355390522","1.0","4","21","4","21","0","0","1","True","2"
"Init_Reuse_0.5_Mut_4","mimesis.builtins.pt_br","1615373425607529302","204","121510659004","0.8","3","47","0","0","3","47","","False",""
"Init_Reuse_0.7_Mut_8","mimesis.builtins.base","1615373947263443829","0","4112419812","1.0","5","22","0","0","5","22","5","True","13"
"Init_Reuse_0.5_Mut_4","mimesis.providers.file","1615373334720707201","0","5129454889","1.0","8","21","6","18","2","3","8","True","12"
"Init_Reuse_0.0_Mut_0","mimesis.builtins.da","1615372671352533512","0","8904602100","1.0","4","95","0","0","4","95","","",""
"Init_Reuse_0.3_Mut_0","mimesis.builtins.de","1615372793203355168","0","8069473743","1.0","4","41","0","0","4","41","14","True","14"
"Init_Reuse_0.9_Mut_0","mimesis.enums","1615373124423422909","0","9080029024","1.0","2","2","2","2","0","0","","False",""
"Init_Reuse_0.7_Mut_0","mimesis.providers.address","1615373063458803964","134","123001334643","0.92","6","128","1","3","5","125","21","True","38"
"Init_Reuse_0.9_Mut_4","mimesis.providers.internet","1615373578965293016","49","137734506075","0.8947368421052632","8","62","6","50","2","12","24","True","42"
"Init_Reuse_0.7_Mut_8","mimesis.providers.person","1615373934360156909","114","122306911940","0.95","14","167","8","102","6","65","34","True","68"
"Init_Reuse_0.3_Mut_4","mimesis.providers.business","1615373253248716678","0","6726928836","1.0","10","157","2","17","8","140","13","True","22"
"Init_Reuse_0.9_Mut_8","mimesis.providers.choice","1615374053153034920","260","122113438540","0.9032258064516129","8","56","8","56","0","0","6","True","10"
"Init_Reuse_0.3_Mut_8","mimesis.providers.business","1615373694584488972","0","7841466079","1.0","10","94","2","22","8","72","13","True","22"
"Init_Reuse_0.7_Mut_8","mimesis.providers.code","1615373947676060127","0","3863247569","1.0","8","25","5","18","3","7","12","True","18"
"Init_Reuse_0.3_Mut_4","mimesis.providers.person","1615373256185824875","93","125070449067","0.9375","14","161","13","154","1","7","34","True","68"
"Init_Reuse_0.9_Mut_8","mimesis.decorators","1615374053177281868","863","121385559390","0.14285714285714285","2","12","0","0","2","12","14","True","14"
"Init_Reuse_0.7_Mut_4","mimesis.random","1615373481587716885","154","121685727615","0.9428571428571428","10","95","10","95","0","0","1","True","9"
"Init_Reuse_0.7_Mut_4","mimesis.shortcuts","1615373515285464467","8","8711246665","1.0","7","22","6","20","1","2","1","True","2"
"Init_Reuse_0.9_Mut_4","mimesis.exceptions","1615373574977316798","254","121475458648","0.9545454545454546","4","69","2","23","2","46","","False",""
"Init_Reuse_0.3_Mut_8","mimesis.providers.file","1615373689617059154","0","6440502014","1.0","6","23","4","19","2","4","8","True","12"
"Init_Reuse_0.9_Mut_8","mimesis.builtins.it","1615374020639784229","277","121258792950","0.8571428571428571","2","14","2","14","0","0","6","True","8"
"Init_Reuse_0.3_Mut_4","mimesis.providers.code","1615373241886456886","0","5796628609","1.0","8","34","4","25","4","9","12","True","18"
"Init_Reuse_0.3_Mut_4","mimesis.providers.science","1615373262131395654","0","7168156531","1.0","8","102","3","55","5","47","8","True","12"
"Init_Reuse_0.7_Mut_0","mimesis.exceptions","1615373043179030673","243","121848171806","0.9545454545454546","4","63","4","63","0","0","","False",""
"Init_Reuse_0.7_Mut_8","mimesis.decorators","1615373939336098514","653","123020474870","0.14285714285714285","7","21","0","0","7","21","14","True","14"
"Init_Reuse_0.0_Mut_0","mimesis.builtins.it","1615372679105259395","223","121256144774","0.8571428571428571","6","18","6","18","0","0","","",""
"Init_Reuse_0.5_Mut_0","mimesis.enums","1615372918696180656","0","8023638143","1.0","4","4","4","4","0","0","","False",""
"Init_Reuse_0.5_Mut_4","mimesis.providers.payment","1615373387207319318","136","122473366040","0.9615384615384616","11","69","3","38","8","31","13","True","22"
"Init_Reuse_0.7_Mut_4","mimesis.exceptions","1615373517991199114","228","122506366700","0.9545454545454546","6","58","5","47","1","11","","False",""
"Init_Reuse_0.5_Mut_8","mimesis.builtins.en","1615373839364843655","304","123166395729","0.8461538461538461","7","66","5","61","2","5","13","True","22"
"Init_Reuse_0.0_Mut_0","mimesis.providers.science","1615372683906949424","0","8898671068","1.0","3","46","1","4","2","42","","",""
"Init_Reuse_0.5_Mut_8","mimesis.providers.person","1615373833206706466","118","122774670421","0.9125","14","155","9","129","5","26","34","True","68"
"Init_Reuse_0.5_Mut_4","mimesis.builtins.base","1615373359448293104","0","9639129702","1.0","8","97","0","0","8","97","5","True","13"
"Init_Reuse_0.5_Mut_8","mimesis.builtins.base","1615373834184399606","0","8900917240","1.0","9","103","0","0","9","103","5","True","13"
"Init_Reuse_0.5_Mut_4","mimesis.providers.choice","1615373359254107664","194","121865204122","0.7419354838709677","9","87","9","87","0","0","6","True","10"
"Init_Reuse_0.7_Mut_4","mimesis.builtins.uk","1615373489366421540","0","8483170076","1.0","2","30","1","2","1","28","1","True","2"
"Init_Reuse_0.3_Mut_4","mimesis.builtins.nl","1615373246848531703","155","122231883566","0.9230769230769231","3","57","0","0","3","57","2","True","4"
"Init_Reuse_0.9_Mut_0","mimesis.builtins.pt_br","1615373146776037934","160","122103271051","0.8","8","154","0","0","8","154","","False",""
"Init_Reuse_0.9_Mut_0","mimesis.providers.file","1615373121565368735","3","2605659991","1.0","1","16","1","16","0","0","8","True","12"
"Init_Reuse_0.5_Mut_0","mimesis.providers.numbers","1615372921840514270","2","236245624667","0.9130434782608695","6","103","3","30","3","73","13","True","22"
"Init_Reuse_0.5_Mut_0","mimesis.providers.clothing","1615372931489885519","0","5747785280","1.0","2","12","0","0","2","12","7","True","10"
"Init_Reuse_0.5_Mut_4","mimesis.providers.internet","1615373405245710923","48","133818598525","0.9473684210526315","14","127","13","116","1","11","24","True","42"
"Init_Reuse_0.7_Mut_0","mimesis.providers.code","1615373041067444099","1","3546118600","1.0","4","30","3","21","1","9","12","True","18"
"Init_Reuse_0.0_Mut_0","mimesis.providers.numbers","1615372675144049888","5","13791841949","1.0","11","153","10","130","1","23","","",""
"Init_Reuse_0.5_Mut_8","mimesis.shortcuts","1615373871414520452","3","9868576833","1.0","9","44","9","44","0","0","1","True","2"
"Init_Reuse_0.5_Mut_8","mimesis.providers.base","1615373849719604295","303","122426464902","0.45","8","46","7","40","1","6","5","True","13"
"Init_Reuse_0.3_Mut_0","mimesis.builtins.pt_br","1615372834203862585","112","122421641414","0.8","9","214","0","0","9","214","","False",""
"Init_Reuse_0.7_Mut_4","mimesis.providers.clothing","1615373483866561165","0","3443009884","1.0","4","28","1","18","3","10","7","True","10"
"Init_Reuse_0.3_Mut_8","mimesis.providers.code","1615373749581293023","0","5265210681","1.0","10","36","9","34","1","2","12","True","18"
"Init_Reuse_0.9_Mut_4","mimesis.providers.file","1615373587561379469","2","3441364217","1.0","2","9","1","4","1","5","8","True","12"
"Init_Reuse_0.9_Mut_4","mimesis.builtins.pt_br","1615373624786019445","178","122342072480","0.8","5","107","0","0","5","107","","False",""
"Init_Reuse_0.3_Mut_0","mimesis.providers.path","1615372793852162055","461","121185655542","0.35714285714285715","6","8","4","8","2","0","9","True","15"
"Init_Reuse_0.5_Mut_4","mimesis.builtins.nl","1615373362085908685","316","121652362157","0.9230769230769231","3","30","0","0","3","30","2","True","4"
"Init_Reuse_0.5_Mut_4","mimesis.random","1615373434398758553","161","122713176948","0.9142857142857143","10","100","8","87","2","13","1","True","9"
"Init_Reuse_0.3_Mut_8","mimesis.builtins.en","1615373691851137269","204","121608623382","0.7692307692307693","9","89","6","67","3","22","13","True","22"
"Init_Reuse_0.7_Mut_8","mimesis.providers.internet","1615373969570852718","44","126014248036","0.9210526315789473","8","74","6","63","2","11","24","True","42"
"Init_Reuse_0.3_Mut_4","mimesis.enums","1615373267469280165","0","9908532109","1.0","1","1","1","1","0","0","","False",""
"Init_Reuse_0.7_Mut_4","mimesis.decorators","1615373476515716783","284","121413361240","0.14285714285714285","2","37","0","0","2","37","14","True","14"
"Init_Reuse_0.9_Mut_8","mimesis.builtins.en","1615374054618174952","403","121338316110","0.7692307692307693","9","47","3","25","6","22","13","True","22"
"Init_Reuse_0.3_Mut_4","mimesis.providers.internet","1615373254411998977","52","127771994888","0.9473684210526315","12","108","6","80","6","28","24","True","42"
"Init_Reuse_0.9_Mut_0","mimesis.shortcuts","1615373142906526465","46","9148048061","1.0","3","23","2","19","1","4","1","True","2"
"Init_Reuse_0.7_Mut_0","mimesis.builtins.pl","1615373076196434576","192","122969601955","0.6666666666666666","8","69","6","52","2","17","","False",""
"Init_Reuse_0.9_Mut_4","mimesis.providers.science","1615373589475199021","0","2544339437","1.0","8","47","1","24","7","23","8","True","12"
"Init_Reuse_0.3_Mut_0","mimesis.providers.clothing","1615372818464424358","0","4497927372","1.0","5","24","2","21","3","3","7","True","10"
"Init_Reuse_0.9_Mut_0","mimesis.providers.base","1615373149407167743","403","121411781137","0.45","3","31","3","31","0","0","5","True","13"
"Init_Reuse_0.7_Mut_0","mimesis.providers.path","1615373029205747809","510","121167771564","0.35714285714285715","7","7","2","4","5","3","9","True","15"
"Init_Reuse_0.9_Mut_8","mimesis.providers.address","1615374051609295626","185","121650304646","0.92","11","98","5","71","6","27","21","True","38"
"Init_Reuse_0.7_Mut_4","mimesis.providers.science","1615373446123206896","0","3878563428","1.0","5","30","1","4","4","26","8","True","12"
"Init_Reuse_0.3_Mut_8","mimesis.builtins.uk","1615373719589611189","0","7930442982","1.0","4","8","4","8","0","0","1","True","2"
"Init_Reuse_0.9_Mut_0","mimesis.providers.code","1615373119621643041","9","3501981745","1.0","2","21","1","4","1","17","12","True","18"
"Init_Reuse_0.9_Mut_0","mimesis.providers.clothing","1615373170933486229","0","2025789051","1.0","4","24","1","21","3","3","7","True","10"
"Init_Reuse_0.3_Mut_0","mimesis.providers.food","1615372756437126169","0","8495877911","1.0","5","69","0","0","5","69","8","True","13"
"Init_Reuse_0.3_Mut_4","mimesis.builtins.pl","1615373287175182305","165","122295897205","0.6666666666666666","9","123","6","92","3","31","","False",""
"Init_Reuse_0.0_Mut_0","mimesis.providers.address","1615372669500765679","112","122724196469","0.92","4","94","2","51","2","43","","",""
"Init_Reuse_0.7_Mut_4","mimesis.providers.base","1615373444314524641","298","122203559270","0.45","8","56","8","56","0","0","5","True","13"
"Init_Reuse_0.7_Mut_8","mimesis.random","1615373999666822903","154","122059649816","0.9428571428571428","10","113","9","108","1","5","1","True","9"
"Init_Reuse_0.3_Mut_8","mimesis.providers.hardware","1615373739275291389","0","7274163422","1.0","6","138","0","0","6","138","17","True","30"
"Init_Reuse_0.7_Mut_4","mimesis.providers.path","1615373488627352986","504","121344114476","0.35714285714285715","3","8","3","8","0","0","9","True","15"
"Init_Reuse_0.0_Mut_0","mimesis.providers.units","1615372669027984698","3","7732280773","1.0","4","43","4","43","0","0","","",""
"Init_Reuse_0.5_Mut_8","mimesis.decorators","1615373813612662774","313","121465235666","0.14285714285714285","3","43","0","0","3","43","14","True","14"
"Init_Reuse_0.7_Mut_0","mimesis.builtins.nl","1615373035531424990","211","121544758456","0.9230769230769231","5","60","0","0","5","60","2","True","4"
"Init_Reuse_0.7_Mut_0","mimesis.providers.science","1615373011448645152","0","4329363497","1.0","6","49","0","0","6","49","8","True","12"
"Init_Reuse_0.5_Mut_8","mimesis.providers.hardware","1615373808070450056","0","5121017600","1.0","8","116","0","0","8","116","17","True","30"
"Init_Reuse_0.9_Mut_8","mimesis.shortcuts","1615374105164707759","56","34626373549","1.0","9","45","9","45","0","0","1","True","2"
"Init_Reuse_0.9_Mut_4","mimesis.providers.choice","1615373600938022210","429","121330204804","0.9354838709677419","7","42","6","37","1","5","6","True","10"
"Init_Reuse_0.3_Mut_4","mimesis.random","1615373275842478141","158","121927971908","0.8571428571428571","10","119","8","80","2","39","1","True","9"
"Init_Reuse_0.5_Mut_0","mimesis.providers.units","1615372927100143830","0","8482854166","1.0","6","62","5","57","1","5","","False",""
"Init_Reuse_0.9_Mut_8","mimesis.exceptions","1615374109898227037","275","121224103082","0.9545454545454546","6","71","3","41","3","30","","False",""
"Init_Reuse_0.0_Mut_0","mimesis.providers.base","1615372674830004416","240","121395816268","0.45","6","47","6","47","0","0","","",""
"Init_Reuse_0.5_Mut_4","mimesis.builtins.de","1615373387519794612","0","7629708638","1.0","8","52","0","0","8","52","14","True","14"
"Init_Reuse_0.5_Mut_8","mimesis.providers.numbers","1615373839365014605","3","85478949379","1.0","9","131","4","56","5","75","13","True","22"
"Init_Reuse_0.0_Mut_0","mimesis.builtins.de","1615372675141722618","0","13774515887","1.0","7","172","0","0","7","172","","",""
"Init_Reuse_0.5_Mut_0","mimesis.builtins.base","1615372919732036151","0","6787685706","1.0","3","43","0","0","3","43","5","True","13"
"Init_Reuse_0.5_Mut_0","mimesis.providers.choice","1615372919251218840","159","121489758465","0.9354838709677419","8","67","8","67","0","0","6","True","10"
"Init_Reuse_0.9_Mut_4","mimesis.providers.code","1615373618199016354","0","2814771270","1.0","9","38","5","32","4","6","12","True","18"
"Init_Reuse_0.3_Mut_8","mimesis.providers.address","1615373759919335488","102","123309893175","0.92","10","139","5","62","5","77","21","True","38"
"Init_Reuse_0.5_Mut_0","mimesis.decorators","1615372919350112650","205","121723916699","0.14285714285714285","7","107","0","0","7","107","14","True","14"
"Init_Reuse_0.0_Mut_0","mimesis.builtins.base","1615372683603853738","0","12819203824","1.0","2","49","0","0","2","49","","",""
"Init_Reuse_0.5_Mut_4","mimesis.providers.clothing","1615373387614780954","0","4323468519","1.0","1","27","1","27","0","0","7","True","10"
"Init_Reuse_0.7_Mut_4","mimesis.providers.internet","1615373519485485570","57","130287004137","0.9473684210526315","10","78","7","51","3","27","24","True","42"
"Init_Reuse_0.0_Mut_0","mimesis.providers.choice","1615372670113725995","135","122372395435","0.9032258064516129","12","103","12","103","0","0","","",""
"Init_Reuse_0.3_Mut_0","mimesis.enums","1615372775137026207","0","10011756633","1.0","10","10","10","10","0","0","","False",""
"Init_Reuse_0.9_Mut_8","mimesis.providers.file","1615374034500807647","3","3360946457","1.0","1","8","0","0","1","8","8","True","12"
"Init_Reuse_0.9_Mut_8","mimesis.builtins.pt_br","1615374105739074405","145","121598408030","0.8","6","133","0","0","6","133","","False",""
"Init_Reuse_0.7_Mut_8","mimesis.providers.choice","1615373932619031318","183","122963162329","0.9354838709677419","12","100","12","100","0","0","6","True","10"
"Init_Reuse_0.9_Mut_8","mimesis.providers.cryptographic","1615374074208477448","86","141884560017","0.9411764705882353","9","49","2","28","7","21","9","True","14"
"Init_Reuse_0.3_Mut_8","mimesis.providers.science","1615373690029765934","0","8137212855","1.0","8","59","3","19","5","40","8","True","12"
"Init_Reuse_0.3_Mut_4","mimesis.providers.clothing","1615373259063323835","0","7256432179","1.0","9","66","4","43","5","23","7","True","10"
"Init_Reuse_0.7_Mut_8","mimesis.builtins.uk","1615373939318735684","0","9212718515","1.0","7","40","7","40","0","0","1","True","2"
"Init_Reuse_0.3_Mut_4","mimesis.providers.file","1615373261924554535","0","7180422961","1.0","10","39","9","34","1","5","8","True","12"
"Init_Reuse_0.7_Mut_0","mimesis.providers.internet","1615373029825482483","40","124983580478","0.8947368421052632","8","98","7","84","1","14","24","True","42"
"Init_Reuse_0.9_Mut_4","mimesis.builtins.en","1615373618321898249","416","121376856967","0.8461538461538461","9","63","5","52","4","11","13","True","22"
"Init_Reuse_0.9_Mut_0","mimesis.providers.food","1615373136870341670","0","1783648202","1.0","5","17","0","0","5","17","8","True","13"
"Init_Reuse_0.7_Mut_8","mimesis.providers.clothing","1615373947048550025","0","4416528358","1.0","9","47","5","39","4","8","7","True","10"
"Init_Reuse_0.3_Mut_4","mimesis.providers.path","1615373256146373980","269","122708684739","0.35714285714285715","9","20","9","20","0","0","9","True","15"
"Init_Reuse_0.7_Mut_4","mimesis.builtins.ru","1615373481500555112","169","122023031747","0.803921568627451","8","126","0","0","8","126","8","True","12"
"Init_Reuse_0.5_Mut_8","mimesis.providers.address","1615373871754730017","148","122903344904","0.92","6","92","1","18","5","74","21","True","38"
"Init_Reuse_0.9_Mut_0","mimesis.exceptions","1615373124425690793","252","121557592366","0.9545454545454546","7","73","3","52","4","21","","False",""
"Init_Reuse_0.5_Mut_0","mimesis.providers.path","1615372936606535123","449","122086865516","0.35714285714285715","6","11","4","8","2","3","9","True","15"
"Init_Reuse_0.3_Mut_0","mimesis.providers.hardware","1615372783460254341","0","6397783151","1.0","7","164","0","0","7","164","17","True","30"
"Init_Reuse_0.7_Mut_4","mimesis.providers.address","1615373516507596349","122","122603552799","0.92","6","131","2","38","4","93","21","True","38"
"Init_Reuse_0.9_Mut_0","mimesis.decorators","1615373162712708694","438","122206065964","0.14285714285714285","9","42","0","0","9","42","14","True","14"
"Init_Reuse_0.7_Mut_8","mimesis.providers.path","1615373934292686835","411","121078346545","0.35714285714285715","6","13","4","9","2","4","9","True","15"
"Init_Reuse_0.3_Mut_4","mimesis.providers.food","1615373254436146770","0","9507851994","1.0","8","117","0","0","8","117","8","True","13"
"Init_Reuse_0.3_Mut_8","mimesis.providers.food","1615373694412644111","0","9197703780","1.0","4","75","0","0","4","75","8","True","13"
"Init_Reuse_0.5_Mut_4","mimesis.builtins.pl","1615373425606566128","170","121754919198","0.6666666666666666","8","76","7","61","1","15","","False",""
"Init_Reuse_0.5_Mut_4","mimesis.enums","1615373383220245043","0","11013433855","1.0","9","9","9","9","0","0","","False",""
"Init_Reuse_0.5_Mut_8","mimesis.exceptions","1615373822056965649","224","121238637523","0.9545454545454546","7","51","6","43","1","8","","False",""
"Init_Reuse_0.7_Mut_8","mimesis.builtins.it","1615373950325008243","429","122148543691","0.8571428571428571","7","49","7","49","0","0","6","True","8"
"Init_Reuse_0.0_Mut_0","mimesis.providers.internet","1615372675844855500","25","132243265836","0.9473684210526315","13","118","11","109","2","9","","",""
"Init_Reuse_0.3_Mut_4","mimesis.providers.numbers","1615373241992232803","4","129324535057","0.9565217391304348","10","106","9","104","1","2","13","True","22"
"Init_Reuse_0.3_Mut_0","mimesis.random","1615372826011299384","183","122027359309","0.8571428571428571","10","122","9","117","1","5","1","True","9"
"Init_Reuse_0.5_Mut_4","mimesis.providers.units","1615373409068448409","0","6486611119","1.0","9","39","6","22","3","17","","False",""
"Init_Reuse_0.5_Mut_8","mimesis.providers.food","1615373832041143926","0","7325394736","1.0","6","57","0","0","6","57","8","True","13"
"Init_Reuse_0.7_Mut_8","mimesis.providers.science","1615373950326227019","0","4508729851","1.0","7","88","1","19","6","69","8","True","12"
"Init_Reuse_0.5_Mut_8","mimesis.providers.units","1615373872256700531","0","10515544215","1.0","7","42","7","42","0","0","","False",""
"Init_Reuse_0.0_Mut_0","mimesis.providers.business","1615372676410372457","0","8844974958","1.0","10","142","4","51","6","91","","",""
"Init_Reuse_0.7_Mut_0","mimesis.decorators","1615373026902675029","295","121415811901","0.14285714285714285","8","39","0","0","8","39","14","True","14"
"Init_Reuse_0.5_Mut_0","mimesis.providers.internet","1615372918808667184","22","135335643773","0.9210526315789473","9","83","8","75","1","8","24","True","42"
"Init_Reuse_0.5_Mut_0","mimesis.providers.hardware","1615372917412979956","0","6241718639","1.0","10","141","0","0","10","141","17","True","30"
"Init_Reuse_0.9_Mut_0","mimesis.providers.person","1615373120831871291","135","122752865201","0.9125","9","129","7","82","2","47","34","True","68"
"Init_Reuse_0.3_Mut_8","mimesis.builtins.base","1615373702574692311","0","11964672847","1.0","5","94","0","0","5","94","5","True","13"
"Init_Reuse_0.5_Mut_4","mimesis.providers.code","1615373387615510378","0","4039022600","1.0","8","30","6","24","2","6","12","True","18"
"Init_Reuse_0.0_Mut_0","mimesis.decorators","1615372673043183776","281","121248133315","0.14285714285714285","3","40","0","0","3","40","","",""
"Init_Reuse_0.5_Mut_8","mimesis.providers.code","1615373821923143291","0","5126550235","1.0","4","41","4","41","0","0","12","True","18"
"Init_Reuse_0.3_Mut_8","mimesis.providers.units","1615373732037837605","2","7004749837","1.0","6","41","5","30","1","11","","False",""
"Init_Reuse_0.7_Mut_0","mimesis.builtins.base","1615373018413444599","0","4069025859","1.0","2","12","0","0","2","12","5","True","13"
"Init_Reuse_0.5_Mut_4","mimesis.providers.hardware","1615373363304618228","0","5740578678","1.0","10","165","0","0","10","165","17","True","30"
"Init_Reuse_0.0_Mut_0","mimesis.providers.hardware","1615372672746375834","0","11087900551","1.0","9","175","0","0","9","175","","",""
"Init_Reuse_0.7_Mut_4","mimesis.builtins.it","1615373463138143039","307","122246149722","0.8571428571428571","7","56","7","56","0","0","6","True","8"
"Init_Reuse_0.3_Mut_8","mimesis.builtins.pt_br","1615373760052311252","121","123322740654","0.8","6","160","0","0","6","160","","False",""
"Init_Reuse_0.5_Mut_0","mimesis.builtins.it","1615372917518171750","342","121327339293","0.8571428571428571","6","17","3","17","3","0","6","True","8"
"Init_Reuse_0.3_Mut_8","mimesis.random","1615373728452441820","165","121877419217","0.9428571428571428","11","126","8","73","3","53","1","True","9"
"Init_Reuse_0.3_Mut_8","mimesis.providers.base","1615373689980186683","291","121433108236","0.45","6","57","6","57","0","0","5","True","13"
"Init_Reuse_0.7_Mut_8","mimesis.providers.hardware","1615373927579399501","0","3988798984","1.0","7","77","0","0","7","77","17","True","30"
"Init_Reuse_0.3_Mut_4","mimesis.builtins.en","1615373241951619282","407","121195595828","0.8461538461538461","5","36","3","23","2","13","13","True","22"
"Init_Reuse_0.9_Mut_8","mimesis.providers.base","1615374036066144401","474","121420060443","0.45","8","44","3","7","5","37","5","True","13"
"Init_Reuse_0.9_Mut_4","mimesis.providers.person","1615373620695529640","128","122296304427","0.95","14","154","9","105","5","49","34","True","68"
"Init_Reuse_0.3_Mut_0","mimesis.providers.science","1615372770954604001","0","7837701305","1.0","4","86","0","0","4","86","8","True","12"
"Init_Reuse_0.9_Mut_0","mimesis.providers.business","1615373135725737227","0","1971183851","1.0","10","38","0","0","10","38","13","True","22"
"Init_Reuse_0.9_Mut_4","mimesis.providers.path","1615373621490163099","765","121151489819","0.35714285714285715","6","9","4","9","2","0","9","True","15"
"Init_Reuse_0.3_Mut_0","mimesis.builtins.it","1615372783328646462","292","125585119399","0.8571428571428571","3","11","2","11","1","0","6","True","8"
"Init_Reuse_0.3_Mut_8","mimesis.enums","1615373703533216343","0","9252826005","1.0","9","9","9","9","0","0","","False",""
"Init_Reuse_0.9_Mut_8","mimesis.enums","1615374020641993292","0","7294248338","1.0","1","1","1","1","0","0","","False",""
"Init_Reuse_0.3_Mut_4","mimesis.providers.hardware","1615373240499456970","0","7959656016","1.0","7","102","0","0","7","102","17","True","30"
"Init_Reuse_0.9_Mut_8","mimesis.builtins.pl","1615374110698900173","131","121861131978","0.6666666666666666","12","137","11","126","1","11","","False",""
"Init_Reuse_0.7_Mut_4","mimesis.providers.business","1615373502766866333","0","6284001499","1.0","10","71","0","0","10","71","13","True","22"
"Init_Reuse_0.9_Mut_0","mimesis.builtins.base","1615373124357550802","0","3705011469","1.0","5","25","0","0","5","25","5","True","13"
"Init_Reuse_0.9_Mut_4","mimesis.random","1615373618216222209","172","121991549346","0.9428571428571428","8","125","8","125","0","0","1","True","9"
"Init_Reuse_0.3_Mut_0","mimesis.builtins.uk","1615372783552317649","0","4970122174","1.0","7","9","5","9","2","0","1","True","2"
"Init_Reuse_0.7_Mut_0","mimesis.providers.units","1615373027852764194","0","7257750260","1.0","8","38","6","27","2","11","","False",""
"Init_Reuse_0.9_Mut_4","mimesis.builtins.nl","1615373578163656009","235","122261940085","0.9230769230769231","2","27","0","0","2","27","2","True","4"
"Init_Reuse_0.9_Mut_0","mimesis.providers.choice","1615373164994709004","253","121335334141","0.9032258064516129","5","47","5","47","0","0","6","True","10"
"Init_Reuse_0.7_Mut_8","mimesis.builtins.en","1615373960010410455","252","121401545659","0.7692307692307693","9","81","6","47","3","34","13","True","22"
"Init_Reuse_0.9_Mut_8","mimesis.builtins.uk","1615374054066732508","0","6865417406","1.0","4","30","2","11","2","19","1","True","2"
"Init_Reuse_0.3_Mut_8","mimesis.providers.internet","1615373694443254538","28","141336650053","0.8947368421052632","13","112","10","97","3","15","24","True","42"
"Init_Reuse_0.7_Mut_4","mimesis.builtins.pt_br","1615373515964909383","139","121977656107","0.8","4","117","0","0","4","117","","False",""
"Init_Reuse_0.9_Mut_0","mimesis.builtins.it","1615373124357532422","426","121289216647","0.8571428571428571","8","9","2","9","6","0","6","True","8"
"Init_Reuse_0.3_Mut_0","mimesis.providers.choice","1615372790051920967","230","121353433063","0.9032258064516129","9","63","8","58","1","5","6","True","10"
"Init_Reuse_0.7_Mut_0","mimesis.builtins.ru","1615373027466555531","260","121697481657","0.803921568627451","5","72","1","8","4","64","8","True","12"
"Init_Reuse_0.5_Mut_8","mimesis.providers.business","1615373833259840506","0","9987938748","1.0","6","120","0","0","6","120","13","True","22"
"Init_Reuse_0.0_Mut_0","mimesis.providers.food","1615372670890491333","0","10859860627","1.0","6","142","0","0","6","142","","",""
"Init_Reuse_0.5_Mut_0","mimesis.providers.business","1615372921773827517","0","7043409893","1.0","2","54","0","0","2","54","13","True","22"
"Init_Reuse_0.5_Mut_0","mimesis.providers.food","1615372922033674819","0","7067322041","1.0","7","90","0","0","7","90","8","True","13"
"Init_Reuse_0.9_Mut_4","mimesis.providers.units","1615373618623274113","0","11983726003","1.0","6","37","6","37","0","0","","False",""
"Init_Reuse_0.9_Mut_4","mimesis.providers.food","1615373580371091534","0","3104451312","1.0","8","70","0","0","8","70","8","True","13"
"Init_Reuse_0.7_Mut_8","mimesis.enums","1615373950327507818","0","9390935179","1.0","8","8","8","8","0","0","","False",""
"Init_Reuse_0.5_Mut_8","mimesis.providers.internet","1615373822057841429","38","125874961479","0.9473684210526315","9","83","7","62","2","21","24","True","42"
"Init_Reuse_0.5_Mut_4","mimesis.shortcuts","1615373404804691413","7","8576132134","1.0","9","52","9","52","0","0","1","True","2"
"Init_Reuse_0.5_Mut_4","mimesis.providers.base","1615373338439209567","241","121477734805","0.45","9","54","7","52","2","2","5","True","13"
"Init_Reuse_0.0_Mut_0","mimesis.exceptions","1615372675420667909","190","121440771648","0.9545454545454546","9","88","4","24","5","64","","",""
"Init_Reuse_0.9_Mut_4","mimesis.builtins.base","1615373591075590151","0","2808836098","1.0","3","1","0","0","3","1","5","True","13"
"Init_Reuse_0.5_Mut_0","mimesis.providers.code","1615372921726432439","0","4799637262","1.0","10","38","5","26","5","12","12","True","18"
"Init_Reuse_0.5_Mut_4","mimesis.exceptions","1615373406351219948","185","122657167946","0.9545454545454546","7","111","4","75","3","36","","False",""
"Init_Reuse_0.9_Mut_8","mimesis.builtins.de","1615374055626040336","0","3261287506","1.0","8","66","0","0","8","66","14","True","14"
"Init_Reuse_0.0_Mut_0","mimesis.providers.code","1615372675140356714","0","7180799193","1.0","5","32","4","27","1","5","","",""
"Init_Reuse_0.5_Mut_4","mimesis.builtins.it","1615373357538519043","318","123778173550","0.8571428571428571","5","23","5","23","0","0","6","True","8"
"Init_Reuse_0.7_Mut_0","mimesis.providers.numbers","1615373042565509037","18","105683525912","1.0","5","102","4","74","1","28","13","True","22"
"Init_Reuse_0.7_Mut_4","mimesis.providers.hardware","1615373487927050613","0","3648590520","1.0","3","52","0","0","3","52","17","True","30"
"Init_Reuse_0.0_Mut_0","mimesis.providers.payment","1615372675146524892","90","122190512381","0.9615384615384616","10","98","8","65","2","33","","",""
"Init_Reuse_0.3_Mut_8","mimesis.providers.path","1615373718621354387","317","126558400668","0.35714285714285715","9","18","8","17","1","1","9","True","15"
"Init_Reuse_0.9_Mut_8","mimesis.providers.person","1615374059000965261","132","123022618845","0.925","13","154","10","121","3","33","34","True","68"
"Init_Reuse_0.7_Mut_8","mimesis.providers.food","1615373941855392049","0","6441223211","1.0","7","49","0","0","7","49","8","True","13"
"Init_Reuse_0.3_Mut_0","mimesis.builtins.en","1615372801228170658","257","121634419873","0.8461538461538461","5","56","4","47","1","9","13","True","22"
"Init_Reuse_0.9_Mut_4","mimesis.providers.address","1615373612138556352","181","121752322302","0.92","8","104","1","7","7","97","21","True","38"
"Init_Reuse_0.9_Mut_4","mimesis.enums","1615373589475370226","0","6916370816","1.0","7","7","7","7","0","0","","False",""
"Init_Reuse_0.9_Mut_0","mimesis.providers.units","1615373149723763884","2","9731935304","1.0","9","40","9","40","0","0","","False",""
"Init_Reuse_0.9_Mut_4","mimesis.builtins.pl","1615373627034958412","169","122093752071","0.6666666666666666","11","91","7","74","4","17","","False",""
"Init_Reuse_0.7_Mut_0","mimesis.providers.hardware","1615373041035057167","0","4448525825","1.0","6","64","0","0","6","64","17","True","30"
"Init_Reuse_0.3_Mut_0","mimesis.providers.base","1615372770957242424","220","121878643673","0.45","8","37","6","37","2","0","5","True","13"
"Init_Reuse_0.9_Mut_8","mimesis.providers.payment","1615374055625814165","160","121710870391","0.9615384615384616","8","62","5","52","3","10","13","True","22"
"Init_Reuse_0.3_Mut_4","mimesis.builtins.it","1615373246208825242","237","121714129665","0.8571428571428571","9","34","9","34","0","0","6","True","8"
"Init_Reuse_0.9_Mut_0","mimesis.builtins.de","1615373164995043284","0","4794282341","1.0","8","63","0","0","8","63","14","True","14"
"Init_Reuse_0.0_Mut_0","mimesis.shortcuts","1615372668762571501","7","8883090952","1.0","9","36","9","36","0","0","","",""
"Init_Reuse_0.9_Mut_8","mimesis.random","1615374064225965186","162","121620063047","0.9142857142857143","11","135","8","80","3","55","1","True","9"
"Init_Reuse_0.9_Mut_8","mimesis.builtins.nl","1615374067637711274","99","123752042320","0.9230769230769231","7","180","0","0","7","180","2","True","4"
"Init_Reuse_0.3_Mut_8","mimesis.providers.payment","1615373749439674099","150","121498612058","0.9615384615384616","8","74","5","48","3","26","13","True","22"
"Init_Reuse_0.5_Mut_4","mimesis.builtins.en","1615373351137673312","387","121366351759","0.8461538461538461","7","48","2","18","5","30","13","True","22"
"Init_Reuse_0.9_Mut_8","mimesis.builtins.ru","1615374064436067259","234","121586095570","0.803921568627451","10","91","3","44","7","47","8","True","12"
"Init_Reuse_0.3_Mut_4","mimesis.providers.choice","1615373242705877523","172","121528114768","0.9032258064516129","9","63","7","59","2","4","6","True","10"
"Init_Reuse_0.3_Mut_8","mimesis.providers.choice","1615373729670004425","200","123455830689","0.9032258064516129","14","95","12","83","2","12","6","True","10"
"Init_Reuse_0.3_Mut_0","mimesis.providers.internet","1615372762439979170","31","128453029636","0.9210526315789473","8","112","6","85","2","27","24","True","42"
"Init_Reuse_0.9_Mut_4","mimesis.builtins.uk","1615373612526872597","0","2799294241","1.0","4","21","2","13","2","8","1","True","2"
"Init_Reuse_0.5_Mut_0","mimesis.providers.science","1615372888686143876","0","5699405282","1.0","5","99","0","0","5","99","8","True","12"
"Init_Reuse_0.5_Mut_8","mimesis.builtins.de","1615373807835712690","0","7561965433","1.0","6","89","0","0","6","89","14","True","14"
"Init_Reuse_0.0_Mut_0","mimesis.providers.development","1615372663860772780","0","9737260351","1.0","8","134","0","0","8","134","","",""
"Init_Reuse_0.5_Mut_4","mimesis.providers.numbers","1615373371888027418","21","36370354495","1.0","10","139","7","103","3","36","13","True","22"
"Init_Reuse_0.7_Mut_8","mimesis.builtins.pt_br","1615373966896661529","169","121604956549","0.8","10","150","0","0","10","150","","False",""
"Init_Reuse_0.9_Mut_0","mimesis.builtins.uk","1615373163518578303","0","2728176062","1.0","4","4","1","4","3","0","1","True","2"
"Init_Reuse_0.3_Mut_4","mimesis.providers.address","1615373311657530052","106","122958180060","0.92","9","110","5","77","4","33","21","True","38"
"Init_Reuse_0.5_Mut_8","mimesis.providers.choice","1615373813656636844","268","121883640195","0.9032258064516129","9","63","8","56","1","7","6","True","10"
"Init_Reuse_0.0_Mut_0","mimesis.providers.transport","1615372669531580376","0","5789415564","1.0","2","18","2","18","0","0","","",""
"Init_Reuse_0.7_Mut_0","mimesis.providers.business","1615373038134181246","0","3721777580","1.0","9","62","1","17","8","45","13","True","22"
"Init_Reuse_0.5_Mut_4","mimesis.providers.food","1615373361687172153","0","6969746615","1.0","4","37","0","0","4","37","8","True","13"
"Init_Reuse_0.9_Mut_4","mimesis.builtins.ru","1615373618491475567","218","122101784110","0.7843137254901961","7","116","0","0","7","116","8","True","12"
"Init_Reuse_0.5_Mut_4","mimesis.providers.science","1615373334909502620","0","5615617925","1.0","4","82","0","0","4","82","8","True","12"
"Init_Reuse_0.5_Mut_4","mimesis.providers.address","1615373404796334383","121","122084653898","0.92","8","100","2","20","6","80","21","True","38"
"Init_Reuse_0.3_Mut_0","mimesis.providers.units","1615372813172706467","0","6617843213","1.0","7","49","7","49","0","0","","False",""
"Init_Reuse_0.5_Mut_8","mimesis.builtins.nl","1615373821548592627","277","121333183535","0.9230769230769231","4","38","0","0","4","38","2","True","4"
"Init_Reuse_0.5_Mut_8","mimesis.random","1615373844442633940","145","121750586850","0.9428571428571428","14","148","8","94","6","54","1","True","9"
"Init_Reuse_0.7_Mut_0","mimesis.builtins.uk","1615373040152792123","0","3083359840","1.0","6","13","2","13","4","0","1","True","2"
"Init_Reuse_0.5_Mut_0","mimesis.builtins.nl","1615372921578419640","183","122274816713","0.9230769230769231","6","73","0","0","6","73","2","True","4"
"Init_Reuse_0.9_Mut_8","mimesis.providers.hardware","1615374053997877821","0","2700061225","1.0","6","66","0","0","6","66","17","True","30"
"Init_Reuse_0.3_Mut_8","mimesis.exceptions","1615373695159007658","162","122252620001","0.9545454545454546","9","103","8","82","1","21","","False",""
"Init_Reuse_0.3_Mut_0","mimesis.providers.address","1615372812542105387","110","122657153813","0.92","9","140","2","35","7","105","21","True","38"
"Init_Reuse_0.7_Mut_4","mimesis.builtins.pl","1615373543120226218","178","121411541591","0.6666666666666666","8","82","6","55","2","27","","False",""
"Init_Reuse_0.3_Mut_0","mimesis.decorators","1615372781990782576","579","121035722329","0.14285714285714285","1","8","0","0","1","8","14","True","14"
"Init_Reuse_0.9_Mut_4","mimesis.builtins.it","1615373592015014546","459","121966811398","0.8571428571428571","6","21","6","21","0","0","6","True","8"
"Init_Reuse_0.7_Mut_0","mimesis.random","1615373027824506779","192","121284231400","0.9428571428571428","8","106","8","106","0","0","1","True","9"
"Init_Reuse_0.7_Mut_4","mimesis.providers.units","1615373481543753877","3","7580363693","1.0","8","34","6","18","2","16","","False",""
"Init_Reuse_0.9_Mut_4","mimesis.providers.business","1615373580506191699","0","2513052918","1.0","7","63","0","0","7","63","13","True","22"
"Init_Reuse_0.7_Mut_8","mimesis.providers.numbers","1615373932298594394","5","210959028422","0.8695652173913043","6","99","1","18","5","81","13","True","22"
"Init_Reuse_0.3_Mut_8","mimesis.builtins.nl","1615373695287510777","190","122065994465","0.9230769230769231","6","85","0","0","6","85","2","True","4"
"Init_Reuse_0.3_Mut_0","mimesis.builtins.base","1615372780682100664","0","11089000902","1.0","9","124","0","0","9","124","5","True","13"
"Init_Reuse_0.9_Mut_0","mimesis.providers.path","1615373120159331140","535","121241541426","0.35714285714285715","2","4","2","4","0","0","9","True","15"
"Init_Reuse_0.3_Mut_4","mimesis.builtins.de","1615373259708992438","0","10808404972","1.0","2","40","0","0","2","40","14","True","14"
"Init_Reuse_0.5_Mut_8","mimesis.providers.clothing","1615373815703127548","0","5247682046","1.0","6","54","1","12","5","42","7","True","10"
"Init_Reuse_0.7_Mut_4","mimesis.providers.food","1615373504532549912","0","5887730297","1.0","6","69","0","0","6","69","8","True","13"
"Init_Reuse_0.9_Mut_8","mimesis.builtins.base","1615374020624857564","0","2299992607","1.0","4","16","0","0","4","16","5","True","13"
"Init_Reuse_0.3_Mut_8","mimesis.builtins.ru","1615373721787453187","135","122041330055","0.803921568627451","11","182","3","59","8","123","8","True","12"
"Init_Reuse_0.7_Mut_8","mimesis.builtins.de","1615373925646951314","0","5490110698","1.0","8","43","0","0","8","43","14","True","14"
"Init_Reuse_0.3_Mut_4","mimesis.providers.base","1615373262982973893","248","121637738952","0.45","9","57","9","57","0","0","5","True","13"
"Init_Reuse_0.5_Mut_4","mimesis.decorators","1615373365557093720","414","121623016175","0.14285714285714285","7","58","0","0","7","58","14","True","14"
"Init_Reuse_0.9_Mut_8","mimesis.providers.science","1615374033175219584","0","3246062766","1.0","2","23","0","0","2","23","8","True","12"
"Init_Reuse_0.5_Mut_0","mimesis.exceptions","1615372919682161652","178","121991626326","0.9545454545454546","9","94","6","62","3","32","","False",""
"Init_Reuse_0.9_Mut_4","mimesis.providers.numbers","1615373620384755651","27","18932737995","1.0","5","118","3","84","2","34","13","True","22"
"Init_Reuse_0.3_Mut_0","mimesis.providers.file","1615372770952988296","0","5576833629","1.0","9","31","7","31","2","0","8","True","12"
"Init_Reuse_0.9_Mut_0","mimesis.builtins.nl","1615373134997323559","354","122819059536","0.9230769230769231","8","21","0","0","8","21","2","True","4"
"Init_Reuse_0.0_Mut_0","mimesis.providers.file","1615372683909902294","0","9026112622","1.0","3","22","3","22","0","0","","",""
"Init_Reuse_0.7_Mut_0","mimesis.builtins.it","1615373043180581121","302","121234769590","0.8571428571428571","5","20","1","20","4","0","6","True","8"
"Init_Reuse_0.5_Mut_4","mimesis.builtins.uk","1615373355617744134","0","5015249646","1.0","9","51","8","39","1","12","1","True","2"
"Init_Reuse_0.5_Mut_8","mimesis.providers.path","1615373834568462224","607","121436467433","0.35714285714285715","2","5","2","5","0","0","9","True","15"
"Init_Reuse_0.0_Mut_0","mimesis.builtins.uk","1615372670834917220","0","11661800872","1.0","10","73","9","69","1","4","","",""
"Init_Reuse_0.7_Mut_4","mimesis.builtins.base","1615373465629959003","0","6143386342","1.0","1","25","0","0","1","25","5","True","13"
"Init_Reuse_0.3_Mut_8","mimesis.builtins.pl","1615373730872158929","138","122829536331","0.6666666666666666","10","138","8","109","2","29","","False",""
"Init_Reuse_0.5_Mut_0","mimesis.providers.file","1615372888182435408","0","4963169730","1.0","10","15","3","15","7","0","8","True","12"
"Init_Reuse_0.3_Mut_8","mimesis.shortcuts","1615373760053897094","8","10701123450","1.0","9","38","9","38","0","0","1","True","2"
"Init_Reuse_0.5_Mut_0","mimesis.builtins.uk","1615372919350905724","0","4097321208","1.0","7","29","2","22","5","7","1","True","2"
"Init_Reuse_0.9_Mut_0","mimesis.providers.numbers","1615373121652409011","24","20157301322","1.0","3","76","1","21","2","55","13","True","22"
"Init_Reuse_0.3_Mut_8","mimesis.builtins.it","1615373724062869513","251","125076937414","0.8571428571428571","10","31","6","27","4","4","6","True","8"
"Init_Reuse_0.3_Mut_4","mimesis.builtins.uk","1615373240499503137","0","7045036676","1.0","3","13","3","13","0","0","1","True","2"
"Init_Reuse_0.0_Mut_0","mimesis.enums","1615372683902817064","0","9102952194","1.0","10","10","10","10","0","0","","",""
"Init_Reuse_0.7_Mut_0","mimesis.enums","1615372995583088869","0","8395280356","1.0","7","7","7","7","0","0","","False",""
"Init_Reuse_0.7_Mut_4","mimesis.builtins.nl","1615373504467834675","154","121559153039","0.9230769230769231","3","57","0","0","3","57","2","True","4"
"Init_Reuse_0.9_Mut_0","mimesis.providers.hardware","1615373162755511274","0","3457046332","1.0","9","59","0","0","9","59","17","True","30"
"Init_Reuse_0.0_Mut_0","mimesis.random","1615372669527674802","149","121604965924","0.9428571428571428","12","141","8","86","4","55","","",""
"Init_Reuse_0.7_Mut_4","mimesis.providers.numbers","1615373499047114937","24","25959293652","1.0","8","145","5","65","3","80","13","True","22"
"Init_Reuse_0.7_Mut_0","mimesis.providers.food","1615373052718769211","0","6789018616","1.0","10","78","0","0","10","78","8","True","13"
"Init_Reuse_0.7_Mut_8","mimesis.providers.address","1615373968314194880","108","122801023138","0.92","10","122","4","27","6","95","21","True","38"
"Init_Reuse_0.5_Mut_4","mimesis.providers.person","1615373371701358039","90","123433672477","0.9375","17","202","12","159","5","43","34","True","68"
"Init_Reuse_0.7_Mut_4","mimesis.enums","1615373465388780615","0","8632476060","1.0","2","2","2","2","0","0","","False",""
"Init_Reuse_0.7_Mut_8","mimesis.builtins.pl","1615373965163084494","169","121869757935","0.6666666666666666","10","109","9","90","1","19","","False",""
"Init_Reuse_0.5_Mut_0","mimesis.providers.address","1615372908364310280","99","122456672038","0.92","3","96","1","21","2","75","21","True","38"
"Init_Reuse_0.3_Mut_4","mimesis.providers.units","1615373298206571634","0","6746816380","1.0","5","27","5","27","0","0","","False",""
"Init_Reuse_0.3_Mut_4","mimesis.decorators","1615373240499468398","273","121271611602","0.14285714285714285","3","57","0","0","3","57","14","True","14"
"Init_Reuse_0.9_Mut_8","mimesis.providers.units","1615374062937496975","0","7152159516","1.0","7","30","5","20","2","10","","False",""
"Init_Reuse_0.3_Mut_8","mimesis.decorators","1615373719752703076","164","122060959076","0.14285714285714285","9","169","0","0","9","169","14","True","14"
"Init_Reuse_0.9_Mut_8","mimesis.providers.food","1615374069734215142","0","11952140067","1.0","4","132","0","0","4","132","8","True","13"
"Init_Reuse_0.3_Mut_0","mimesis.exceptions","1615372748558821468","233","121588067392","0.9545454545454546","6","41","5","30","1","11","","False",""
"Init_Reuse_0.9_Mut_0","mimesis.builtins.en","1615373143666397518","351","121411772525","0.8461538461538461","4","38","4","38","0","0","13","True","22"
"Init_Reuse_0.9_Mut_4","mimesis.providers.hardware","1615373612528732809","0","2190536014","1.0","4","48","0","0","4","48","17","True","30"
"Init_Reuse_0.5_Mut_0","mimesis.shortcuts","1615372920428833938","60","25538523480","1.0","6","25","6","25","0","0","1","True","2"
"Init_Reuse_0.5_Mut_0","mimesis.providers.base","1615372888477236663","191","122021698089","0.45","10","33","7","33","3","0","5","True","13"
"Init_Reuse_0.9_Mut_4","mimesis.builtins.de","1615373599594824704","0","3254092767","1.0","5","55","0","0","5","55","14","True","14"
"Init_Reuse_0.7_Mut_4","mimesis.builtins.en","1615373501659527066","335","122148290016","0.8461538461538461","9","65","4","39","5","26","13","True","22"
"Init_Reuse_0.7_Mut_8","mimesis.providers.units","1615373968045248367","0","8933273067","1.0","10","51","10","51","0","0","","False",""
"Init_Reuse_0.9_Mut_8","mimesis.providers.business","1615374069733315467","0","4250096999","1.0","8","71","2","36","6","35","13","True","22"
"Init_Reuse_0.9_Mut_0","mimesis.builtins.ru","1615373149196045868","187","121852874774","0.7843137254901961","6","125","0","0","6","125","8","True","12"
"Init_Reuse_0.7_Mut_0","mimesis.builtins.de","1615373040754599412","0","4728616556","1.0","6","63","0","0","6","63","14","True","14"
"Init_Reuse_0.9_Mut_8","mimesis.providers.clothing","1615374054147176433","0","3390919531","1.0","6","60","2","40","4","20","7","True","10"
"Init_Reuse_0.3_Mut_8","mimesis.providers.numbers","1615373691850883476","8","104359253380","1.0","8","101","3","56","5","45","13","True","22"
"Init_Reuse_0.3_Mut_4","mimesis.builtins.base","1615373267010082129","0","15191635351","1.0","9","38","0","0","9","38","5","True","13"
"Init_Reuse_0.7_Mut_8","mimesis.builtins.nl","1615373969677857199","120","122181753666","0.9230769230769231","2","58","0","0","2","58","2","True","4"
"Init_Reuse_0.0_Mut_0","mimesis.providers.clothing","1615372675143614591","0","7197008107","1.0","9","125","7","109","2","16","","",""
"Init_Reuse_0.3_Mut_8","mimesis.providers.person","1615373684563152021","87","123187988022","0.9125","15","165","10","120","5","45","34","True","68"
"Init_Reuse_0.9_Mut_8","mimesis.providers.numbers","1615374058692527051","18","50181537617","1.0","12","190","7","111","5","79","13","True","22"
"Init_Reuse_0.7_Mut_8","mimesis.providers.business","1615373966598994419","0","4156994108","1.0","9","79","2","6","7","73","13","True","22"
"Init_Reuse_0.9_Mut_0","mimesis.providers.address","1615373149430976490","158","121633197240","0.92","4","82","1","31","3","51","21","True","38"
"Init_Reuse_0.5_Mut_8","mimesis.builtins.pl","1615373839374883484","201","121566567548","0.6666666666666666","8","93","6","75","2","18","","False",""
"Init_Reuse_0.7_Mut_4","mimesis.builtins.de","1615373487067179735","0","6654694408","1.0","9","86","0","0","9","86","14","True","14"
"Init_Reuse_0.5_Mut_8","mimesis.enums","1615373832850685167","0","11799896092","1.0","9","9","9","9","0","0","","False",""
"Init_Reuse_0.5_Mut_0","mimesis.builtins.en","1615372919773411430","304","121977995466","0.8461538461538461","8","79","5","48","3","31","13","True","22"
"Init_Reuse_0.5_Mut_0","mimesis.builtins.pl","1615372920431435835","204","122228240927","0.6666666666666666","9","85","5","45","4","40","","False",""
"Init_Reuse_0.0_Mut_0","mimesis.providers.path","1615372676441283881","251","121418281396","0.35714285714285715","7","16","7","16","0","0","","",""
"Init_Reuse_0.5_Mut_8","mimesis.builtins.pt_br","1615373838071434968","167","122515747846","0.8","6","107","1","12","5","95","","False",""
"Init_Reuse_0.5_Mut_8","mimesis.providers.file","1615373850636808965","0","6609288514","1.0","10","24","9","20","1","4","8","True","12"
"Init_Reuse_0.3_Mut_0","mimesis.shortcuts","1615372832267542298","10","7991496565","1.0","7","31","7","31","0","0","1","True","2"
