"ConfigurationId","TargetModule","RandomSeed","AlgorithmIterations","TotalTime","Coverage","Size","Length","FailingSize","FailingLength","PassingSize","PassingLength","CollectedTestCases","SuitableTestModule","FoundTestCases"
"Init_Reuse_0.3_Mut_0","mimesis.providers.science","1615376283186029470","0","6196263102","1.0","7","38","1","3","6","35","8","True","12"
"Init_Reuse_0.9_Mut_0","mimesis.providers.business","1615376681410425075","0","2418361178","1.0","10","87","0","0","10","87","13","True","22"
"Init_Reuse_0.7_Mut_8","mimesis.builtins.de","1615377501169606680","0","4979197971","1.0","10","65","0","0","10","65","14","True","14"
"Init_Reuse_0.9_Mut_8","mimesis.builtins.base","1615377615500056227","0","3081322957","1.0","10","53","0","0","10","53","5","True","13"
"Init_Reuse_0.3_Mut_8","mimesis.builtins.ru","1615377297981704958","147","122657623321","0.803921568627451","11","175","5","46","6","129","8","True","12"
"Init_Reuse_0.9_Mut_4","mimesis.providers.numbers","1615377129729273942","28","40521913597","1.0","9","128","5","80","4","48","13","True","22"
"Init_Reuse_0.9_Mut_8","mimesis.providers.science","1615377586091399999","0","2846515844","1.0","7","63","1","12","6","51","8","True","12"
"Init_Reuse_0.3_Mut_4","mimesis.builtins.en","1615376802727442839","306","121451993929","0.8461538461538461","8","64","6","43","2","21","13","True","22"
"Init_Reuse_0.3_Mut_4","mimesis.providers.hardware","1615376793921582608","0","6859030893","1.0","8","84","0","0","8","84","17","True","30"
"Init_Reuse_0.5_Mut_8","mimesis.providers.clothing","1615377366999859933","0","4398995625","1.0","8","76","3","43","5","33","7","True","10"
"Init_Reuse_0.7_Mut_4","mimesis.providers.food","1615377015597931368","0","6451390315","1.0","1","28","0","0","1","28","8","True","13"
"Init_Reuse_0.3_Mut_0","mimesis.builtins.it","1615376328480218290","250","121392206253","0.8571428571428571","4","37","2","9","2","28","6","True","8"
"Init_Reuse_0.5_Mut_4","mimesis.providers.code","1615376921895526274","0","4708666125","1.0","10","48","7","42","3","6","12","True","18"
"Init_Reuse_0.0_Mut_0","mimesis.providers.transport","1615376235326241378","0","6692827066","1.0","7","47","6","36","1","11","","",""
"Init_Reuse_0.3_Mut_8","mimesis.shortcuts","1615377285655485303","5","7726423018","1.0","6","23","5","19","1","4","1","True","2"
"Init_Reuse_0.7_Mut_4","mimesis.builtins.nl","1615377015776506435","107","125633385105","0.9230769230769231","8","149","0","0","8","149","2","True","4"
"Init_Reuse_0.9_Mut_0","mimesis.providers.person","1615376709195419297","119","122138072879","0.9375","9","140","8","116","1","24","34","True","68"
"Init_Reuse_0.3_Mut_8","mimesis.builtins.it","1615377274252591977","193","121968935067","0.8571428571428571","4","18","4","18","0","0","6","True","8"
"Init_Reuse_0.5_Mut_0","mimesis.providers.hardware","1615376481577936708","0","5634363091","1.0","8","58","0","0","8","58","17","True","30"
"Init_Reuse_0.5_Mut_8","mimesis.providers.path","1615377384577417760","362","121863567991","0.35714285714285715","9","18","7","16","2","2","9","True","15"
"Init_Reuse_0.7_Mut_4","mimesis.builtins.base","1615377032401479787","0","5353915793","1.0","5","17","0","0","5","17","5","True","13"
"Init_Reuse_0.5_Mut_0","mimesis.builtins.it","1615376430600846614","306","121118749078","0.8571428571428571","10","29","5","25","5","4","6","True","8"
"Init_Reuse_0.5_Mut_4","mimesis.providers.hardware","1615376915246976896","0","6271150478","1.0","10","61","0","0","10","61","17","True","30"
"Init_Reuse_0.7_Mut_0","mimesis.builtins.base","1615376564160325824","0","6079104884","1.0","5","16","0","0","5","16","5","True","13"
"Init_Reuse_0.0_Mut_0","mimesis.providers.development","1615376235184500416","0","7860602001","1.0","7","110","0","0","7","110","","",""
"Init_Reuse_0.3_Mut_8","mimesis.builtins.pl","1615377302055603576","152","122640427755","0.6666666666666666","10","122","10","122","0","0","","False",""
"Init_Reuse_0.5_Mut_8","mimesis.random","1615377433612573733","175","122530377137","0.9428571428571428","15","143","11","101","4","42","1","True","9"
"Init_Reuse_0.5_Mut_8","mimesis.builtins.nl","1615377375988656109","116","122578782875","0.9230769230769231","8","157","0","0","8","157","2","True","4"
"Init_Reuse_0.5_Mut_0","mimesis.providers.business","1615376436593596284","0","5570989009","1.0","8","86","2","25","6","61","13","True","22"
"Init_Reuse_0.0_Mut_0","mimesis.providers.code","1615376238814082402","0","6704300730","1.0","10","55","10","55","0","0","","",""
"Init_Reuse_0.5_Mut_4","mimesis.shortcuts","1615376921310124412","4","6984564020","1.0","6","31","6","31","0","0","1","True","2"
"Init_Reuse_0.5_Mut_4","mimesis.providers.base","1615376902736991100","400","122196747653","0.45","6","26","5","25","1","1","5","True","13"
"Init_Reuse_0.9_Mut_4","mimesis.builtins.ru","1615377169791930254","287","121740708426","0.7843137254901961","3","57","2","45","1","12","8","True","12"
"Init_Reuse_0.5_Mut_0","mimesis.providers.food","1615376441228321100","0","6501206289","1.0","8","79","0","0","8","79","8","True","13"
"Init_Reuse_0.9_Mut_4","mimesis.providers.business","1615377131698082939","0","4022419254","1.0","7","44","0","0","7","44","13","True","22"
"Init_Reuse_0.7_Mut_4","mimesis.providers.units","1615377040523160870","0","7299287001","1.0","5","35","4","13","1","22","","False",""
"Init_Reuse_0.9_Mut_0","mimesis.builtins.base","1615376673803066832","0","2477958172","1.0","6","9","0","0","6","9","5","True","13"
"Init_Reuse_0.3_Mut_0","mimesis.builtins.uk","1615376336628007629","0","5965571528","1.0","9","29","7","29","2","0","1","True","2"
"Init_Reuse_0.7_Mut_0","mimesis.providers.units","1615376588541511284","0","6512044452","1.0","8","59","8","59","0","0","","False",""
"Init_Reuse_0.9_Mut_0","mimesis.providers.choice","1615376677068850051","243","121661527333","0.9032258064516129","6","63","5","53","1","10","6","True","10"
"Init_Reuse_0.3_Mut_8","mimesis.builtins.nl","1615377261791294639","201","121178487931","0.9230769230769231","3","27","0","0","3","27","2","True","4"
"Init_Reuse_0.7_Mut_8","mimesis.providers.numbers","1615377499115435394","6","182081186984","0.9565217391304348","8","89","2","7","6","82","13","True","22"
"Init_Reuse_0.9_Mut_0","mimesis.builtins.it","1615376673888520992","535","121200601386","0.8571428571428571","9","15","2","15","7","0","6","True","8"
"Init_Reuse_0.3_Mut_0","mimesis.providers.choice","1615376367937743754","214","121474352785","0.9354838709677419","10","81","9","77","1","4","6","True","10"
"Init_Reuse_0.7_Mut_0","mimesis.builtins.ru","1615376595306230025","145","122517501774","0.7843137254901961","6","140","2","44","4","96","8","True","12"
"Init_Reuse_0.9_Mut_8","mimesis.providers.hardware","1615377626864296145","0","5675432258","1.0","7","100","0","0","7","100","17","True","30"
"Init_Reuse_0.3_Mut_8","mimesis.exceptions","1615377275744960571","169","121907167203","0.9545454545454546","10","93","8","62","2","31","","False",""
"Init_Reuse_0.9_Mut_4","mimesis.builtins.it","1615377139871549779","342","122030849704","0.8571428571428571","8","34","8","34","0","0","6","True","8"
"Init_Reuse_0.7_Mut_4","mimesis.builtins.pl","1615377065644796886","146","124305790444","0.6666666666666666","10","113","8","72","2","41","","False",""
"Init_Reuse_0.0_Mut_0","mimesis.providers.payment","1615376238635866917","101","122191056964","0.9615384615384616","9","65","8","54","1","11","","",""
"Init_Reuse_0.7_Mut_8","mimesis.providers.business","1615377500647057565","0","5936245012","1.0","7","58","0","0","7","58","13","True","22"
"Init_Reuse_0.3_Mut_8","mimesis.providers.person","1615377266319395714","84","123839896058","0.9375","14","195","13","176","1","19","34","True","68"
"Init_Reuse_0.9_Mut_8","mimesis.providers.numbers","1615377610736904965","22","14824631342","1.0","8","103","4","33","4","70","13","True","22"
"Init_Reuse_0.3_Mut_0","mimesis.builtins.en","1615376363405720363","263","121631509589","0.8461538461538461","7","72","4","49","3","23","13","True","22"
"Init_Reuse_0.3_Mut_4","mimesis.builtins.it","1615376810688167212","246","122362060533","0.8571428571428571","7","35","7","35","0","0","6","True","8"
"Init_Reuse_0.7_Mut_0","mimesis.providers.hardware","1615376555035103887","0","4169223736","1.0","5","76","0","0","5","76","17","True","30"
"Init_Reuse_0.3_Mut_0","mimesis.providers.base","1615376283146327584","232","121511965485","0.45","10","45","5","16","5","29","5","True","13"
"Init_Reuse_0.7_Mut_8","mimesis.builtins.nl","1615377492337509631","104","122977283977","0.9230769230769231","9","196","0","0","9","196","2","True","4"
"Init_Reuse_0.9_Mut_8","mimesis.providers.clothing","1615377611565195137","0","2150386511","1.0","9","34","2","14","7","20","7","True","10"
"Init_Reuse_0.9_Mut_0","mimesis.providers.units","1615376714727312936","0","7082394062","1.0","9","45","8","23","1","22","","False",""
"Init_Reuse_0.0_Mut_0","mimesis.exceptions","1615376234059644761","162","121917017516","0.9545454545454546","10","137","8","104","2","33","","",""
"Init_Reuse_0.5_Mut_4","mimesis.exceptions","1615376924441223731","205","121839884357","0.9545454545454546","9","88","7","67","2","21","","False",""
"Init_Reuse_0.5_Mut_0","mimesis.providers.code","1615376508960072710","0","8140754801","1.0","10","21","3","21","7","0","12","True","18"
"Init_Reuse_0.5_Mut_8","mimesis.providers.file","1615377372236498930","0","5688896127","1.0","7","33","6","13","1","20","8","True","12"
"Init_Reuse_0.5_Mut_8","mimesis.builtins.pt_br","1615377415770944242","132","124691589766","0.8","10","214","0","0","10","214","","False",""
"Init_Reuse_0.7_Mut_4","mimesis.builtins.de","1615377051022663745","0","5825791167","1.0","8","73","0","0","8","73","14","True","14"
"Init_Reuse_0.5_Mut_8","mimesis.enums","1615377387621173433","0","7664591585","1.0","8","8","8","8","0","0","","False",""
"Init_Reuse_0.5_Mut_8","mimesis.builtins.pl","1615377415759380698","130","124700609135","0.6666666666666666","8","147","3","15","5","132","","False",""
"Init_Reuse_0.0_Mut_0","mimesis.providers.food","1615376234302887951","0","9934367772","1.0","2","61","0","0","2","61","","",""
"Init_Reuse_0.7_Mut_0","mimesis.providers.numbers","1615376560572680857","5","206201598356","0.8695652173913043","5","85","3","64","2","21","13","True","22"
"Init_Reuse_0.5_Mut_4","mimesis.builtins.it","1615376890412180120","303","121528120665","0.8571428571428571","8","17","8","17","0","0","6","True","8"
"Init_Reuse_0.7_Mut_4","mimesis.enums","1615377021926384621","0","10428609853","1.0","5","5","5","5","0","0","","False",""
"Init_Reuse_0.0_Mut_0","mimesis.providers.hardware","1615376239306793662","0","9341018188","1.0","8","155","0","0","8","155","","",""
"Init_Reuse_0.7_Mut_8","mimesis.builtins.pl","1615377552529283241","140","121990591937","0.6666666666666666","11","126","9","104","2","22","","False",""
"Init_Reuse_0.5_Mut_4","mimesis.providers.numbers","1615376921898401223","11","34345654589","1.0","6","152","6","152","0","0","13","True","22"
"Init_Reuse_0.0_Mut_0","mimesis.decorators","1615376242392051599","331","121850749083","0.14285714285714285","2","29","0","0","2","29","","",""
"Init_Reuse_0.5_Mut_4","mimesis.providers.food","1615376941348476745","0","10970340561","1.0","9","51","0","0","9","51","8","True","13"
"Init_Reuse_0.7_Mut_0","mimesis.providers.business","1615376567938434342","0","4553488454","1.0","10","86","1","10","9","76","13","True","22"
"Init_Reuse_0.3_Mut_4","mimesis.providers.address","1615376841226796628","115","122042461810","0.92","8","123","3","33","5","90","21","True","38"
"Init_Reuse_0.7_Mut_8","mimesis.providers.address","1615377491637455944","125","122446115907","0.92","7","114","3","39","4","75","21","True","38"
"Init_Reuse_0.9_Mut_0","mimesis.builtins.uk","1615376683762983003","0","3347667275","1.0","6","6","1","6","5","0","1","True","2"
"Init_Reuse_0.7_Mut_4","mimesis.providers.numbers","1615377011202251988","41","140218028616","1.0","9","141","5","52","4","89","13","True","22"
"Init_Reuse_0.9_Mut_4","mimesis.builtins.de","1615377154079284835","0","3143553308","1.0","10","71","0","0","10","71","14","True","14"
"Init_Reuse_0.9_Mut_8","mimesis.providers.business","1615377630969632673","0","4579311028","1.0","9","99","3","31","6","68","13","True","22"
"Init_Reuse_0.7_Mut_8","mimesis.providers.units","1615377490841017102","5","9281348842","1.0","10","50","9","48","1","2","","False",""
"Init_Reuse_0.9_Mut_0","mimesis.builtins.de","1615376677122023447","0","2971930096","1.0","2","20","0","0","2","20","14","True","14"
"Init_Reuse_0.0_Mut_0","mimesis.shortcuts","1615376225803787005","4","7652721122","1.0","9","49","9","49","0","0","","",""
"Init_Reuse_0.7_Mut_4","mimesis.builtins.en","1615377037425738023","294","121442705185","0.8461538461538461","3","44","3","44","0","0","13","True","22"
"Init_Reuse_0.3_Mut_8","mimesis.decorators","1615377257576536663","183","121941147017","0.14285714285714285","7","127","0","0","7","127","14","True","14"
"Init_Reuse_0.9_Mut_8","mimesis.providers.food","1615377627760589417","0","2788047755","1.0","5","51","0","0","5","51","8","True","13"
"Init_Reuse_0.5_Mut_0","mimesis.providers.science","1615376444379775697","0","5328700565","1.0","4","47","0","0","4","47","8","True","12"
"Init_Reuse_0.9_Mut_8","mimesis.providers.units","1615377623604637827","0","7508235044","1.0","5","58","4","19","1","39","","False",""
"Init_Reuse_0.3_Mut_0","mimesis.providers.internet","1615376323795339620","18","135486994851","0.9210526315789473","11","107","9","86","2","21","24","True","42"
"Init_Reuse_0.3_Mut_4","mimesis.providers.choice","1615376795129499257","169","121462254355","0.7419354838709677","13","119","11","112","2","7","6","True","10"
"Init_Reuse_0.9_Mut_4","mimesis.providers.hardware","1615377185236509745","0","2649366173","1.0","9","82","0","0","9","82","17","True","30"
"Init_Reuse_0.5_Mut_4","mimesis.builtins.en","1615376917304683616","282","121442873025","0.8461538461538461","8","61","7","57","1","4","13","True","22"
"Init_Reuse_0.3_Mut_0","mimesis.decorators","1615376344493172316","511","124135712060","0.14285714285714285","2","12","0","0","2","12","14","True","14"
"Init_Reuse_0.7_Mut_0","mimesis.random","1615376610193520965","221","121506329226","0.9428571428571428","9","122","6","101","3","21","1","True","9"
"Init_Reuse_0.9_Mut_8","mimesis.builtins.uk","1615377624685463745","0","11155988883","1.0","6","24","5","19","1","5","1","True","2"
"Init_Reuse_0.3_Mut_8","mimesis.providers.internet","1615377262135924863","36","128347229713","0.9473684210526315","12","113","11","109","1","4","24","True","42"
"Init_Reuse_0.7_Mut_8","mimesis.builtins.en","1615377488412697951","283","121397194253","0.8461538461538461","8","50","4","35","4","15","13","True","22"
"Init_Reuse_0.3_Mut_0","mimesis.providers.address","1615376388159042660","88","123962887991","0.92","8","117","5","77","3","40","21","True","38"
"Init_Reuse_0.7_Mut_4","mimesis.builtins.pt_br","1615377065645622410","176","124238230949","0.8","6","126","0","0","6","126","","False",""
"Init_Reuse_0.0_Mut_0","mimesis.providers.clothing","1615376237389312596","0","7722423084","1.0","9","119","5","52","4","67","","",""
"Init_Reuse_0.9_Mut_4","mimesis.builtins.nl","1615377130918668975","128","122775555086","0.9230769230769231","10","161","0","0","10","161","2","True","4"
"Init_Reuse_0.9_Mut_4","mimesis.random","1615377164238271287","259","121544852502","0.9142857142857143","9","115","8","113","1","2","1","True","9"
"Init_Reuse_0.9_Mut_4","mimesis.providers.food","1615377136516435352","0","3263843078","1.0","10","28","0","0","10","28","8","True","13"
"Init_Reuse_0.5_Mut_4","mimesis.providers.science","1615376902392959002","0","6060698134","1.0","9","63","1","22","8","41","8","True","12"
"Init_Reuse_0.9_Mut_4","mimesis.providers.units","1615377162447867618","0","7638305043","1.0","8","54","7","39","1","15","","False",""
"Init_Reuse_0.0_Mut_0","mimesis.providers.path","1615376238809502048","264","121243025170","0.35714285714285715","5","11","5","11","0","0","","",""
"Init_Reuse_0.7_Mut_8","mimesis.enums","1615377500460192299","0","9894995575","1.0","8","8","8","8","0","0","","False",""
"Init_Reuse_0.5_Mut_8","mimesis.providers.internet","1615377375612767983","19","134643145410","0.8947368421052632","10","76","8","65","2","11","24","True","42"
"Init_Reuse_0.5_Mut_8","mimesis.providers.business","1615377374155242414","0","5024895862","1.0","5","74","3","65","2","9","13","True","22"
"Init_Reuse_0.5_Mut_0","mimesis.builtins.nl","1615376441769837222","238","121574068801","0.9230769230769231","5","36","0","0","5","36","2","True","4"
"Init_Reuse_0.3_Mut_0","mimesis.providers.units","1615376340810657652","0","5895100016","1.0","6","25","6","25","0","0","","False",""
"Init_Reuse_0.5_Mut_4","mimesis.providers.address","1615376923302523697","127","122803933874","0.92","8","110","3","46","5","64","21","True","38"
"Init_Reuse_0.7_Mut_0","mimesis.builtins.uk","1615376554983881493","0","2967834262","1.0","10","20","2","3","8","17","1","True","2"
"Init_Reuse_0.7_Mut_4","mimesis.builtins.it","1615377017113236260","388","121288932035","0.8571428571428571","10","11","4","7","6","4","6","True","8"
"Init_Reuse_0.3_Mut_8","mimesis.providers.units","1615377297982320374","1","11591931442","1.0","11","56","10","51","1","5","","False",""
"Init_Reuse_0.5_Mut_4","mimesis.builtins.uk","1615376914616059199","0","4521823466","1.0","3","9","2","9","1","0","1","True","2"
"Init_Reuse_0.7_Mut_0","mimesis.builtins.it","1615376562866233665","365","121822984549","0.8571428571428571","8","24","3","24","5","0","6","True","8"
"Init_Reuse_0.3_Mut_8","mimesis.builtins.pt_br","1615377303277977811","138","124340041236","0.8","7","148","0","0","7","148","","False",""
"Init_Reuse_0.7_Mut_0","mimesis.enums","1615376561934090640","0","8053700313","1.0","1","1","1","1","0","0","","False",""
"Init_Reuse_0.0_Mut_0","mimesis.random","1615376235231346175","138","121827961745","0.9142857142857143","11","118","11","118","0","0","","",""
"Init_Reuse_0.3_Mut_4","mimesis.builtins.uk","1615376798300045815","0","6084041652","1.0","7","21","5","15","2","6","1","True","2"
"Init_Reuse_0.5_Mut_8","mimesis.providers.code","1615377368630044658","0","5992720357","1.0","10","49","10","49","0","0","12","True","18"
"Init_Reuse_0.9_Mut_0","mimesis.providers.numbers","1615376709168874860","22","114404794697","1.0","4","79","3","58","1","21","13","True","22"
"Init_Reuse_0.5_Mut_0","mimesis.providers.file","1615376444403177610","0","3949959609","1.0","5","13","1","1","4","12","8","True","12"
"Init_Reuse_0.3_Mut_8","mimesis.builtins.base","1615377275996271681","0","17003314512","1.0","4","81","0","0","4","81","5","True","13"
"Init_Reuse_0.5_Mut_0","mimesis.builtins.uk","1615376481542037375","0","4572175118","1.0","4","10","2","10","2","0","1","True","2"
"Init_Reuse_0.9_Mut_4","mimesis.providers.path","1615377138833655051","764","121765380695","0.35714285714285715","5","11","4","11","1","0","9","True","15"
"Init_Reuse_0.3_Mut_4","mimesis.builtins.de","1615376797341369857","0","10183330059","1.0","7","121","0","0","7","121","14","True","14"
"Init_Reuse_0.5_Mut_8","mimesis.providers.payment","1615377368587183115","142","121948474478","0.9615384615384616","9","52","6","46","3","6","13","True","22"
"Init_Reuse_0.7_Mut_4","mimesis.providers.business","1615377010414419063","0","4373068857","1.0","6","47","2","8","4","39","13","True","22"
"Init_Reuse_0.3_Mut_0","mimesis.builtins.base","1615376328514355814","0","10054930300","1.0","7","95","0","0","7","95","5","True","13"
"Init_Reuse_0.9_Mut_0","mimesis.providers.path","1615376702345703154","509","124455781274","0.35714285714285715","9","8","2","5","7","3","9","True","15"
"Init_Reuse_0.9_Mut_8","mimesis.builtins.pl","1615377608279868458","173","122094526321","0.6666666666666666","9","85","8","72","1","13","","False",""
"Init_Reuse_0.3_Mut_8","mimesis.enums","1615377253613454337","0","9228493583","1.0","3","3","3","3","0","0","","False",""
"Init_Reuse_0.9_Mut_8","mimesis.enums","1615377618127907521","0","11360900346","1.0","7","7","7","7","0","0","","False",""
"Init_Reuse_0.3_Mut_0","mimesis.providers.file","1615376283355409883","0","6148760396","1.0","9","22","6","21","3","1","8","True","12"
"Init_Reuse_0.9_Mut_0","mimesis.builtins.nl","1615376681626923129","240","121166171152","0.9230769230769231","10","27","0","0","10","27","2","True","4"
"Init_Reuse_0.7_Mut_8","mimesis.providers.hardware","1615377499356040879","0","5762415582","1.0","9","86","0","0","9","86","17","True","30"
"Init_Reuse_0.5_Mut_0","mimesis.exceptions","1615376441803033594","181","121640226693","0.9545454545454546","9","105","6","69","3","36","","False",""
"Init_Reuse_0.3_Mut_8","mimesis.random","1615377278541700879","172","121811349052","0.9142857142857143","10","141","8","131","2","10","1","True","9"
"Init_Reuse_0.3_Mut_8","mimesis.providers.base","1615377254854546720","263","122158591155","0.45","9","50","5","19","4","31","5","True","13"
"Init_Reuse_0.5_Mut_4","mimesis.decorators","1615376915056536142","227","121413810592","0.14285714285714285","4","85","0","0","4","85","14","True","14"
"Init_Reuse_0.9_Mut_4","mimesis.providers.person","1615377131986006824","136","122354898751","0.9125","12","158","8","105","4","53","34","True","68"
"Init_Reuse_0.9_Mut_8","mimesis.providers.base","1615377600857945497","613","122279106613","0.45","4","23","2","10","2","13","5","True","13"
"Init_Reuse_0.3_Mut_4","mimesis.providers.base","1615376781804933791","337","122733227116","0.45","4","31","4","31","0","0","5","True","13"
"Init_Reuse_0.3_Mut_8","mimesis.providers.choice","1615377257534301308","166","121527165917","0.9032258064516129","11","94","11","94","0","0","6","True","10"
"Init_Reuse_0.5_Mut_0","mimesis.shortcuts","1615376491360029853","15","9405250182","1.0","6","21","6","21","0","0","1","True","2"
"Init_Reuse_0.5_Mut_0","mimesis.providers.base","1615376443574517408","376","121744671189","0.45","4","24","4","24","0","0","5","True","13"
"Init_Reuse_0.9_Mut_8","mimesis.builtins.ru","1615377627534672420","273","121557284143","0.803921568627451","8","89","2","25","6","64","8","True","12"
"Init_Reuse_0.3_Mut_0","mimesis.exceptions","1615376328482009861","213","121596272183","0.9545454545454546","9","99","4","32","5","67","","False",""
"Init_Reuse_0.9_Mut_0","mimesis.builtins.en","1615376684727369618","387","121164875357","0.8461538461538461","4","41","3","36","1","5","13","True","22"
"Init_Reuse_0.3_Mut_4","mimesis.decorators","1615376795303691953","202","121905363320","0.14285714285714285","7","97","0","0","7","97","14","True","14"
"Init_Reuse_0.9_Mut_4","mimesis.builtins.uk","1615377182238450254","0","8449308189","1.0","8","49","7","36","1","13","1","True","2"
"Init_Reuse_0.9_Mut_4","mimesis.providers.structure","1615377153023982578","26","132578608701","0.8484848484848485","10","49","4","48","6","1","8","True","12"
"Init_Reuse_0.9_Mut_8","mimesis.builtins.nl","1615377632832899798","111","123402892569","0.9230769230769231","5","143","0","0","5","143","2","True","4"
"Init_Reuse_0.3_Mut_8","mimesis.providers.payment","1615377247618320416","149","121397594517","0.9615384615384616","6","48","5","47","1","1","13","True","22"
"Init_Reuse_0.9_Mut_8","mimesis.random","1615377605285470052","127","122057806310","0.9142857142857143","13","161","12","156","1","5","1","True","9"
"Init_Reuse_0.0_Mut_0","mimesis.enums","1615376234844465904","0","8978838863","1.0","3","3","3","3","0","0","","",""
"Init_Reuse_0.7_Mut_0","mimesis.providers.food","1615376567479280182","0","4892996677","1.0","10","49","0","0","10","49","8","True","13"
"Init_Reuse_0.9_Mut_0","mimesis.providers.hardware","1615376681143393908","0","3416722937","1.0","10","81","0","0","10","81","17","True","30"
"Init_Reuse_0.5_Mut_8","mimesis.providers.choice","1615377370658875280","206","122705406259","0.9032258064516129","11","90","7","70","4","20","6","True","10"
"Init_Reuse_0.3_Mut_4","mimesis.providers.units","1615376841376409961","3","10533234799","1.0","6","36","4","11","2","25","","False",""
"Init_Reuse_0.5_Mut_0","mimesis.providers.address","1615376491330166234","96","123903158094","0.92","5","149","4","113","1","36","21","True","38"
"Init_Reuse_0.5_Mut_8","mimesis.builtins.de","1615377377043145459","0","8142231542","1.0","3","29","0","0","3","29","14","True","14"
"Init_Reuse_0.0_Mut_0","mimesis.providers.file","1615376234093207437","0","7782673837","1.0","10","35","10","35","0","0","","",""
"Init_Reuse_0.0_Mut_0","mimesis.builtins.uk","1615376237875788320","0","10746570124","1.0","3","19","1","1","2","18","","",""
"Init_Reuse_0.7_Mut_8","mimesis.builtins.pt_br","1615377552510448421","151","121808264425","0.8","7","154","0","0","7","154","","False",""
"Init_Reuse_0.5_Mut_4","mimesis.providers.person","1615376933053763826","86","121913036845","0.925","17","186","15","175","2","11","34","True","68"
"Init_Reuse_0.5_Mut_0","mimesis.builtins.en","1615376508998873269","247","125368264187","0.8461538461538461","6","48","4","35","2","13","13","True","22"
"Init_Reuse_0.7_Mut_4","mimesis.providers.hardware","1615377050948358507","0","3745065354","1.0","9","63","0","0","9","63","17","True","30"
"Init_Reuse_0.7_Mut_0","mimesis.providers.payment","1615376562734044055","178","121607432689","0.9615384615384616","10","48","2","12","8","36","13","True","22"
"Init_Reuse_0.9_Mut_4","mimesis.builtins.base","1615377146790616733","0","4472340921","1.0","3","6","0","0","3","6","5","True","13"
"Init_Reuse_0.3_Mut_0","mimesis.shortcuts","1615376389092743224","19","12188436393","1.0","6","19","5","14","1","5","1","True","2"
"Init_Reuse_0.5_Mut_0","mimesis.builtins.pl","1615376499972417860","157","121887383014","0.6666666666666666","8","136","7","125","1","11","","False",""
"Init_Reuse_0.9_Mut_8","mimesis.builtins.de","1615377626864700861","0","6305593442","1.0","4","20","0","0","4","20","14","True","14"
"Init_Reuse_0.3_Mut_4","mimesis.builtins.base","1615376810556192280","0","6737158202","1.0","8","92","0","0","8","92","5","True","13"
"Init_Reuse_0.7_Mut_0","mimesis.builtins.de","1615376555188588405","0","4092524552","1.0","6","59","0","0","6","59","14","True","14"
"Init_Reuse_0.9_Mut_4","mimesis.builtins.pl","1615377191395060440","177","122015093436","0.6666666666666666","9","83","7","66","2","17","","False",""
"Init_Reuse_0.9_Mut_4","mimesis.enums","1615377137386164964","0","7870875484","1.0","6","6","6","6","0","0","","False",""
"Init_Reuse_0.9_Mut_0","mimesis.builtins.ru","1615376714725245314","196","122180486683","0.7843137254901961","3","81","1","24","2","57","8","True","12"
"Init_Reuse_0.3_Mut_0","mimesis.providers.numbers","1615376334477389612","9","148212283165","0.9565217391304348","5","105","5","105","0","0","13","True","22"
"Init_Reuse_0.7_Mut_8","mimesis.providers.food","1615377496144012089","0","5853587960","1.0","10","95","0","0","10","95","8","True","13"
"Init_Reuse_0.3_Mut_8","mimesis.providers.path","1615377261960722413","298","122584435148","0.35714285714285715","6","12","6","12","0","0","9","True","15"
"Init_Reuse_0.9_Mut_8","mimesis.providers.person","1615377626562478830","140","121997272883","0.8875","11","114","7","65","4","49","34","True","68"
"Init_Reuse_0.9_Mut_4","mimesis.providers.address","1615377164392660162","131","122687567505","0.92","7","115","3","68","4","47","21","True","38"
"Init_Reuse_0.0_Mut_0","mimesis.builtins.it","1615376234846750580","279","121276447174","0.8571428571428571","5","21","5","21","0","0","","",""
"Init_Reuse_0.7_Mut_0","mimesis.providers.base","1615376574209829498","515","121346415638","0.45","3","28","1","20","2","8","5","True","13"
"Init_Reuse_0.3_Mut_4","mimesis.builtins.pt_br","1615376841786800962","148","122623130336","0.8","6","146","0","0","6","146","","False",""
"Init_Reuse_0.3_Mut_8","mimesis.providers.hardware","1615377260947344126","0","7622455237","1.0","8","100","0","0","8","100","17","True","30"
"Init_Reuse_0.7_Mut_4","mimesis.providers.base","1615377010498432318","416","121425511793","0.45","10","36","10","36","0","0","5","True","13"
"Init_Reuse_0.7_Mut_8","mimesis.random","1615377491426485249","159","121800962840","0.9142857142857143","10","151","8","137","2","14","1","True","9"
"Init_Reuse_0.3_Mut_0","mimesis.providers.business","1615376328438105780","0","6540190763","1.0","8","181","0","0","8","181","13","True","22"
"Init_Reuse_0.0_Mut_0","mimesis.builtins.pt_br","1615376225109398793","141","122287882302","0.8","10","206","0","0","10","206","","",""
"Init_Reuse_0.3_Mut_8","mimesis.builtins.uk","1615377260943384987","0","8916666903","1.0","6","60","6","60","0","0","1","True","2"
"Init_Reuse_0.7_Mut_4","mimesis.providers.science","1615377011189583729","0","4801017144","1.0","4","34","0","0","4","34","8","True","12"
"Init_Reuse_0.3_Mut_0","mimesis.builtins.nl","1615376322929405693","84","123887759000","0.9230769230769231","7","126","0","0","7","126","2","True","4"
"Init_Reuse_0.0_Mut_0","mimesis.builtins.pl","1615376226024237988","171","121677339791","0.6666666666666666","10","85","7","56","3","29","","",""
"Init_Reuse_0.7_Mut_0","mimesis.providers.person","1615376560543628815","112","122399823233","0.95","10","144","9","126","1","18","34","True","68"
"Init_Reuse_0.3_Mut_4","mimesis.builtins.ru","1615376841370972348","134","122213142306","0.803921568627451","11","165","3","18","8","147","8","True","12"
"Init_Reuse_0.5_Mut_0","mimesis.builtins.ru","1615376469238726308","133","122330184551","0.803921568627451","6","127","5","91","1","36","8","True","12"
"Init_Reuse_0.9_Mut_8","mimesis.shortcuts","1615377633859171112","23","7187420343","1.0","8","28","8","28","0","0","1","True","2"
"Init_Reuse_0.5_Mut_8","mimesis.providers.hardware","1615377370714387482","0","5005243801","1.0","8","79","0","0","8","79","17","True","30"
"Init_Reuse_0.0_Mut_0","mimesis.providers.science","1615376231810621290","0","9693695506","1.0","5","87","3","43","2","44","","",""
"Init_Reuse_0.9_Mut_4","mimesis.providers.choice","1615377153603933127","245","121707400787","0.9354838709677419","6","55","6","55","0","0","6","True","10"
"Init_Reuse_0.5_Mut_4","mimesis.providers.path","1615376929549930182","459","123608781571","0.35714285714285715","5","11","4","11","1","0","9","True","15"
"Init_Reuse_0.7_Mut_0","mimesis.providers.file","1615376562303672963","0","4840330166","1.0","4","9","1","9","3","0","8","True","12"
"Init_Reuse_0.5_Mut_0","mimesis.random","1615376466649024695","164","122263056533","0.9142857142857143","8","119","7","110","1","9","1","True","9"
"Init_Reuse_0.3_Mut_4","mimesis.shortcuts","1615376846935515070","6","10163307563","1.0","7","31","7","31","0","0","1","True","2"
"Init_Reuse_0.7_Mut_4","mimesis.providers.path","1615377011201605527","722","121183257541","0.35714285714285715","2","4","2","4","0","0","9","True","15"
"Init_Reuse_0.5_Mut_8","mimesis.decorators","1615377370673693839","295","122020617009","0.14285714285714285","4","41","0","0","4","41","14","True","14"
"Init_Reuse_0.0_Mut_0","mimesis.builtins.da","1615376234268881218","0","9527677274","1.0","6","124","0","0","6","124","","",""
"Init_Reuse_0.7_Mut_0","mimesis.providers.clothing","1615376563181093663","0","3424268283","1.0","7","40","0","0","7","40","7","True","10"
"Init_Reuse_0.3_Mut_0","mimesis.builtins.pl","1615376381346330260","161","122309241676","0.6666666666666666","7","98","4","42","3","56","","False",""
"Init_Reuse_0.3_Mut_8","mimesis.providers.code","1615377263422625342","0","6605221272","1.0","5","38","3","17","2","21","12","True","18"
"Init_Reuse_0.5_Mut_0","mimesis.builtins.pt_br","1615376497715192291","129","122894164251","0.8","10","249","0","0","10","249","","False",""
"Init_Reuse_0.5_Mut_8","mimesis.providers.base","1615377345164716912","318","121539618017","0.45","8","56","8","56","0","0","5","True","13"
"Init_Reuse_0.7_Mut_4","mimesis.providers.clothing","1615377037466929194","0","4700248976","1.0","10","46","2","9","8","37","7","True","10"
"Init_Reuse_0.5_Mut_8","mimesis.shortcuts","1615377415521273230","10","8648120811","1.0","11","45","11","45","0","0","1","True","2"
"Init_Reuse_0.5_Mut_0","mimesis.providers.person","1615376438924835315","91","123908056991","0.9125","12","211","9","141","3","70","34","True","68"
"Init_Reuse_0.5_Mut_8","mimesis.builtins.base","1615377393081719968","0","8362064235","1.0","4","24","0","0","4","24","5","True","13"
"Init_Reuse_0.7_Mut_4","mimesis.builtins.uk","1615377053168081379","0","4179690026","1.0","2","5","1","3","1","2","1","True","2"
"Init_Reuse_0.3_Mut_0","mimesis.providers.payment","1615376368313074476","107","122740540837","0.9615384615384616","9","72","7","59","2","13","13","True","22"
"Init_Reuse_0.0_Mut_0","mimesis.builtins.nl","1615376234303462695","167","121733559854","0.9230769230769231","2","45","0","0","2","45","","",""
"Init_Reuse_0.7_Mut_0","mimesis.builtins.en","1615376560576048992","277","121523953298","0.8461538461538461","6","52","4","46","2","6","13","True","22"
"Init_Reuse_0.9_Mut_8","mimesis.builtins.en","1615377609868661501","409","121306463033","0.8461538461538461","6","36","4","28","2","8","13","True","22"
"Init_Reuse_0.7_Mut_4","mimesis.decorators","1615377052390369175","396","121828740520","0.14285714285714285","5","40","0","0","5","40","14","True","14"
"Init_Reuse_0.7_Mut_0","mimesis.builtins.pt_br","1615376599434239115","136","121651395568","0.8","6","163","0","0","6","163","","False",""
"Init_Reuse_0.3_Mut_0","mimesis.providers.code","1615376369227792339","0","5544391196","1.0","8","49","5","49","3","0","12","True","18"
"Init_Reuse_0.9_Mut_0","mimesis.providers.science","1615376694191264606","0","2390907863","1.0","8","21","0","0","8","21","8","True","12"
"Init_Reuse_0.3_Mut_4","mimesis.exceptions","1615376813061149131","198","121916424012","0.9545454545454546","8","76","6","46","2","30","","False",""
"Init_Reuse_0.9_Mut_4","mimesis.providers.science","1615377149168145780","0","3466161775","1.0","5","68","0","0","5","68","8","True","12"
"Init_Reuse_0.9_Mut_4","mimesis.builtins.pt_br","1615377189649461957","179","121511581543","0.8","3","73","0","0","3","73","","False",""
"Init_Reuse_0.5_Mut_4","mimesis.providers.business","1615376927205461908","0","5846586321","1.0","10","67","1","5","9","62","13","True","22"
"Init_Reuse_0.9_Mut_4","mimesis.providers.file","1615377147652906655","9","8269302049","1.0","4","17","3","12","1","5","8","True","12"
"Init_Reuse_0.7_Mut_8","mimesis.providers.internet","1615377521920771288","25","131740216303","0.9473684210526315","12","103","9","71","3","32","24","True","42"
"Init_Reuse_0.5_Mut_0","mimesis.builtins.de","1615376484810117339","0","7367801776","1.0","2","41","0","0","2","41","14","True","14"
"Init_Reuse_0.3_Mut_8","mimesis.builtins.en","1615377263284360769","321","122217727391","0.8461538461538461","6","40","5","33","1","7","13","True","22"
"Init_Reuse_0.9_Mut_0","mimesis.random","1615376714991373742","245","121621222969","0.9142857142857143","7","74","7","74","0","0","1","True","9"
"Init_Reuse_0.3_Mut_0","mimesis.providers.person","1615376308808112530","101","122690794934","0.95","11","172","8","98","3","74","34","True","68"
"Init_Reuse_0.7_Mut_4","mimesis.providers.address","1615377040557728172","148","122165590613","0.92","9","111","1","12","8","99","21","True","38"
"Init_Reuse_0.3_Mut_4","mimesis.providers.business","1615376802464609057","0","6391514256","1.0","6","86","0","0","6","86","13","True","22"
"Init_Reuse_0.3_Mut_0","mimesis.builtins.de","1615376343355576194","0","8942247357","1.0","3","62","0","0","3","62","14","True","14"
"Init_Reuse_0.9_Mut_0","mimesis.enums","1615376693045433588","0","8169503378","1.0","2","2","2","2","0","0","","False",""
"Init_Reuse_0.7_Mut_0","mimesis.providers.address","1615376595041207180","152","121948982138","0.92","5","89","3","48","2","41","21","True","38"
"Init_Reuse_0.3_Mut_8","mimesis.providers.food","1615377266378001748","0","9503575182","1.0","7","96","0","0","7","96","8","True","13"
"Init_Reuse_0.7_Mut_8","mimesis.providers.path","1615377498993478180","474","121319252893","0.35714285714285715","4","8","4","8","0","0","9","True","15"
"Init_Reuse_0.5_Mut_8","mimesis.providers.address","1615377420579227034","129","123155287476","0.92","8","93","3","39","5","54","21","True","38"
"Init_Reuse_0.7_Mut_4","mimesis.builtins.ru","1615377043221092318","139","122557146619","0.803921568627451","10","192","3","58","7","134","8","True","12"
"Init_Reuse_0.7_Mut_8","mimesis.providers.clothing","1615377497270175313","0","3511479119","1.0","3","43","0","0","3","43","7","True","10"
"Init_Reuse_0.3_Mut_4","mimesis.providers.person","1615376811743508727","86","123496657550","0.9375","15","186","13","167","2","19","34","True","68"
"Init_Reuse_0.9_Mut_0","mimesis.providers.internet","1615376681592028541","48","127262906557","0.868421052631579","6","65","5","41","1","24","24","True","42"
"Init_Reuse_0.5_Mut_8","mimesis.providers.units","1615377429037231789","0","9944750463","1.0","9","44","8","39","1","5","","False",""
"Init_Reuse_0.5_Mut_8","mimesis.providers.food","1615377375472359441","0","5879969904","1.0","10","76","0","0","10","76","8","True","13"
"Init_Reuse_0.7_Mut_8","mimesis.providers.science","1615377500457049661","0","6792294634","1.0","7","60","1","36","6","24","8","True","12"
"Init_Reuse_0.9_Mut_0","mimesis.builtins.pl","1615376716840908031","202","121598548440","0.6666666666666666","7","89","6","86","1","3","","False",""
"Init_Reuse_0.3_Mut_0","mimesis.builtins.ru","1615376340956912962","130","122234531798","0.803921568627451","6","141","2","42","4","99","8","True","12"
"Init_Reuse_0.5_Mut_4","mimesis.builtins.ru","1615376922847480534","146","125404179925","0.803921568627451","9","113","4","67","5","46","8","True","12"
"Init_Reuse_0.7_Mut_0","mimesis.providers.choice","1615376580345601627","370","121178836671","0.9032258064516129","5","39","5","39","0","0","6","True","10"
"Init_Reuse_0.0_Mut_0","mimesis.builtins.en","1615376229134797970","191","122385868280","0.8461538461538461","7","48","7","48","0","0","","",""
"Init_Reuse_0.5_Mut_4","mimesis.builtins.pt_br","1615376922551678284","154","122222181926","0.8","10","192","0","0","10","192","","False",""
"Init_Reuse_0.5_Mut_4","mimesis.providers.file","1615376890406868834","0","5188497894","1.0","7","38","7","38","0","0","8","True","12"
"Init_Reuse_0.0_Mut_0","mimesis.providers.person","1615376236738112069","77","122239893345","0.925","14","173","14","173","0","0","","",""
"Init_Reuse_0.5_Mut_8","mimesis.exceptions","1615377375959303225","292","121693002887","0.9545454545454546","5","48","4","41","1","7","","False",""
"Init_Reuse_0.7_Mut_8","mimesis.builtins.it","1615377532449558578","499","121328638377","0.8571428571428571","5","22","1","6","4","16","6","True","8"
"Init_Reuse_0.7_Mut_0","mimesis.shortcuts","1615376595223509223","24","9515455925","1.0","6","28","6","28","0","0","1","True","2"
"Init_Reuse_0.5_Mut_4","mimesis.providers.payment","1615376931201319751","163","121456290914","0.9615384615384616","10","77","5","65","5","12","13","True","22"
"Init_Reuse_0.0_Mut_0","mimesis.builtins.ru","1615376235194874690","142","122250152252","0.7843137254901961","7","134","4","73","3","61","","",""
"Init_Reuse_0.3_Mut_8","mimesis.providers.address","1615377287098717915","110","122545879496","0.92","6","130","1","36","5","94","21","True","38"
"Init_Reuse_0.7_Mut_4","mimesis.providers.internet","1615377032489280863","41","135165557228","0.9210526315789473","10","83","7","65","3","18","24","True","42"
"Init_Reuse_0.5_Mut_0","mimesis.enums","1615376455120722972","0","9090322433","1.0","3","3","3","3","0","0","","False",""
"Init_Reuse_0.5_Mut_8","mimesis.providers.numbers","1615377404388765200","8","11685624747","1.0","6","86","5","78","1","8","13","True","22"
"Init_Reuse_0.9_Mut_8","mimesis.exceptions","1615377614437786913","211","121849390832","0.9545454545454546","7","64","5","50","2","14","","False",""
"Init_Reuse_0.9_Mut_4","mimesis.providers.code","1615377124227685612","5","2976700769","1.0","6","34","3","27","3","7","12","True","18"
"Init_Reuse_0.7_Mut_8","mimesis.builtins.uk","1615377501169996627","0","6725745464","1.0","6","25","6","25","0","0","1","True","2"
"Init_Reuse_0.9_Mut_8","mimesis.providers.cryptographic","1615377618798786201","83","165495693370","0.9411764705882353","8","61","6","47","2","14","9","True","14"
"Init_Reuse_0.3_Mut_8","mimesis.providers.science","1615377254826235076","0","9188441975","1.0","7","104","3","47","4","57","8","True","12"
"Init_Reuse_0.7_Mut_0","mimesis.exceptions","1615376564160973865","176","122270666233","0.9545454545454546","9","156","5","89","4","67","","False",""
"Init_Reuse_0.9_Mut_4","mimesis.builtins.en","1615377129782488932","550","121116646043","0.8461538461538461","5","33","2","21","3","12","13","True","22"
"Init_Reuse_0.3_Mut_4","mimesis.providers.code","1615376809776685831","0","4511904657","1.0","9","47","6","37","3","10","12","True","18"
"Init_Reuse_0.3_Mut_4","mimesis.providers.science","1615376787337710204","0","8998479960","1.0","7","137","1","8","6","129","8","True","12"
"Init_Reuse_0.9_Mut_8","mimesis.builtins.pt_br","1615377633624817054","204","121496990630","0.8","10","132","0","0","10","132","","False",""
"Init_Reuse_0.7_Mut_8","mimesis.providers.choice","1615377520988361136","170","122368229790","0.9032258064516129","11","76","11","76","0","0","6","True","10"
"Init_Reuse_0.9_Mut_8","mimesis.providers.file","1615377586029002273","0","2111179168","1.0","8","13","3","13","5","0","8","True","12"
"Init_Reuse_0.3_Mut_4","mimesis.enums","1615376810865730405","0","8008887854","1.0","1","1","1","1","0","0","","False",""
"Init_Reuse_0.5_Mut_4","mimesis.builtins.nl","1615376926695617673","198","121668976100","0.9230769230769231","7","48","0","0","7","48","2","True","4"
"Init_Reuse_0.5_Mut_4","mimesis.random","1615376923300140423","201","121920734900","0.9142857142857143","10","118","8","100","2","18","1","True","9"
"Init_Reuse_0.7_Mut_8","mimesis.exceptions","1615377531039126039","179","123039558037","0.9545454545454546","10","169","6","101","4","68","","False",""
"Init_Reuse_0.9_Mut_8","mimesis.providers.code","1615377611297857662","0","4724680773","1.0","10","49","2","29","8","20","12","True","18"
"Init_Reuse_0.7_Mut_8","mimesis.providers.base","1615377500456700232","455","123002348035","0.45","6","39","1","15","5","24","5","True","13"
"Init_Reuse_0.3_Mut_0","mimesis.providers.path","1615376333705912454","338","121063613935","0.35714285714285715","4","10","4","10","0","0","9","True","15"
"Init_Reuse_0.9_Mut_0","mimesis.shortcuts","1615376699470480736","87","17188330686","1.0","3","18","2","13","1","5","1","True","2"
"Init_Reuse_0.5_Mut_8","mimesis.builtins.it","1615377392148932536","398","121122789671","0.8571428571428571","3","6","2","2","1","4","6","True","8"
"Init_Reuse_0.7_Mut_0","mimesis.builtins.pl","1615376595426745727","168","121606988204","0.6666666666666666","8","78","6","62","2","16","","False",""
"Init_Reuse_0.7_Mut_4","mimesis.providers.choice","1615377047524452000","294","121735234965","0.9354838709677419","12","95","10","77","2","18","6","True","10"
"Init_Reuse_0.3_Mut_0","mimesis.providers.clothing","1615376335131885219","0","5942861111","1.0","10","88","5","69","5","19","7","True","10"
"Init_Reuse_0.9_Mut_0","mimesis.providers.base","1615376699319907547","359","121454191889","0.45","2","31","2","31","0","0","5","True","13"
"Init_Reuse_0.3_Mut_4","mimesis.providers.internet","1615376802520895183","31","138600717282","0.9210526315789473","11","104","7","67","4","37","24","True","42"
"Init_Reuse_0.9_Mut_4","mimesis.shortcuts","1615377180293942505","20","17304138213","1.0","8","40","8","40","0","0","1","True","2"
"Init_Reuse_0.9_Mut_4","mimesis.providers.base","1615377149170731527","260","121318822076","0.45","4","27","3","17","1","10","5","True","13"
"Init_Reuse_0.5_Mut_0","mimesis.providers.numbers","1615376506170812945","15","34047020352","1.0","6","148","2","31","4","117","13","True","22"
"Init_Reuse_0.9_Mut_0","mimesis.builtins.pt_br","1615376716322311916","162","121641125023","0.8","5","119","0","0","5","119","","False",""
"Init_Reuse_0.9_Mut_0","mimesis.providers.file","1615376694331934613","6","3075102858","1.0","1","11","0","0","1","11","8","True","12"
"Init_Reuse_0.0_Mut_0","mimesis.providers.business","1615376233839823131","0","9096356397","1.0","5","100","1","37","4","63","","",""
"Init_Reuse_0.3_Mut_4","mimesis.builtins.nl","1615376802470290340","91","122668100680","0.9230769230769231","9","221","0","0","9","221","2","True","4"
"Init_Reuse_0.5_Mut_4","mimesis.builtins.base","1615376887450298429","0","6155208105","1.0","5","46","0","0","5","46","5","True","13"
"Init_Reuse_0.5_Mut_4","mimesis.providers.choice","1615376917653101879","221","121542347563","0.9032258064516129","11","65","11","65","0","0","6","True","10"
"Init_Reuse_0.0_Mut_0","mimesis.providers.internet","1615376234303851565","27","133930361839","0.9473684210526315","10","89","9","86","1","3","","",""
"Init_Reuse_0.7_Mut_0","mimesis.providers.code","1615376563473837307","0","3031752378","1.0","9","36","5","31","4","5","12","True","18"
"Init_Reuse_0.5_Mut_4","mimesis.providers.internet","1615376925903842174","25","135447612343","0.868421052631579","11","92","7","58","4","34","24","True","42"
"Init_Reuse_0.3_Mut_0","mimesis.builtins.pt_br","1615376390581066703","162","122055612449","0.8","6","143","0","0","6","143","","False",""
"Init_Reuse_0.5_Mut_0","mimesis.providers.clothing","1615376492385639815","0","9302575809","1.0","1","17","1","17","0","0","7","True","10"
"Init_Reuse_0.3_Mut_8","mimesis.providers.clothing","1615377265698040440","0","6573670832","1.0","3","39","0","0","3","39","7","True","10"
"Init_Reuse_0.5_Mut_8","mimesis.providers.science","1615377331156918970","0","5387332270","1.0","2","42","0","0","2","42","8","True","12"
"Init_Reuse_0.7_Mut_4","mimesis.providers.code","1615377037561524337","0","4143185589","1.0","10","29","9","26","1","3","12","True","18"
"Init_Reuse_0.0_Mut_0","mimesis.builtins.base","1615376235873221430","0","12459084948","1.0","3","32","0","0","3","32","","",""
"Init_Reuse_0.7_Mut_0","mimesis.providers.science","1615376569140022820","0","4823307021","1.0","10","68","3","34","7","34","8","True","12"
"Init_Reuse_0.0_Mut_0","mimesis.providers.choice","1615376234971109461","153","122446995992","0.9032258064516129","13","96","13","96","0","0","","",""
"Init_Reuse_0.7_Mut_0","mimesis.builtins.nl","1615376566043942867","170","122028174649","0.9230769230769231","7","33","0","0","7","33","2","True","4"
"Init_Reuse_0.7_Mut_4","mimesis.providers.person","1615377011269880112","128","122549793023","0.95","13","150","9","129","4","21","34","True","68"
"Init_Reuse_0.5_Mut_0","mimesis.providers.units","1615376462441583854","0","7137235101","1.0","6","31","6","31","0","0","","False",""
"Init_Reuse_0.3_Mut_4","mimesis.random","1615376837372047183","138","123655842355","0.8571428571428571","10","126","9","119","1","7","1","True","9"
"Init_Reuse_0.9_Mut_8","mimesis.providers.path","1615377626348871520","815","121257190373","0.35714285714285715","4","8","4","8","0","0","9","True","15"
"Init_Reuse_0.5_Mut_8","mimesis.builtins.uk","1615377370825455901","0","7233502978","1.0","3","12","3","12","0","0","1","True","2"
"Init_Reuse_0.0_Mut_0","mimesis.providers.base","1615376229612115547","177","121835752888","0.45","9","55","8","52","1","3","","",""
"Init_Reuse_0.7_Mut_8","mimesis.shortcuts","1615377559103599894","43","18872169906","1.0","6","30","6","30","0","0","1","True","2"
"Init_Reuse_0.0_Mut_0","mimesis.builtins.de","1615376242388916744","0","13677576879","1.0","7","146","0","0","7","146","","",""
"Init_Reuse_0.7_Mut_4","mimesis.providers.file","1615377011632729712","0","4322672980","1.0","7","23","5","15","2","8","8","True","12"
"Init_Reuse_0.9_Mut_0","mimesis.providers.code","1615376682410116704","2","2357651133","1.0","1","22","0","0","1","22","12","True","18"
"Init_Reuse_0.9_Mut_4","mimesis.decorators","1615377185235051498","970","121120030654","0.14285714285714285","3","8","0","0","3","8","14","True","14"
"Init_Reuse_0.7_Mut_0","mimesis.providers.path","1615376565477236469","538","121468974785","0.35714285714285715","9","7","2","7","7","0","9","True","15"
"Init_Reuse_0.9_Mut_4","mimesis.providers.clothing","1615377126219435332","0","2043046451","1.0","6","23","2","19","4","4","7","True","10"
"Init_Reuse_0.3_Mut_4","mimesis.builtins.pl","1615376849295951687","184","121684432687","0.6666666666666666","8","107","6","74","2","33","","False",""
"Init_Reuse_0.3_Mut_8","mimesis.builtins.de","1615377260041280134","0","8916017588","1.0","8","160","0","0","8","160","14","True","14"
"Init_Reuse_0.9_Mut_8","mimesis.providers.internet","1615377618798472496","47","127336014830","0.9473684210526315","11","93","8","71","3","22","24","True","42"
"Init_Reuse_0.7_Mut_8","mimesis.builtins.ru","1615377491804652881","194","121591932959","0.7843137254901961","10","125","3","18","7","107","8","True","12"
"Init_Reuse_0.9_Mut_0","mimesis.providers.clothing","1615376682707247998","0","1943470480","1.0","8","13","1","13","7","0","7","True","10"
"Init_Reuse_0.3_Mut_0","mimesis.providers.food","1615376336460334139","0","10744795226","1.0","9","35","0","0","9","35","8","True","13"
"Init_Reuse_0.0_Mut_0","mimesis.providers.address","1615376235320564872","99","121584991270","0.92","9","100","6","56","3","44","","",""
"Init_Reuse_0.3_Mut_4","mimesis.providers.payment","1615376809381251840","129","122992412042","0.9615384615384616","9","69","5","31","4","38","13","True","22"
"Init_Reuse_0.3_Mut_0","mimesis.enums","1615376332644265442","0","8060692791","1.0","5","5","5","5","0","0","","False",""
"Init_Reuse_0.7_Mut_8","mimesis.decorators","1615377516988678916","632","122236157428","0.14285714285714285","10","33","0","0","10","33","14","True","14"
"Init_Reuse_0.9_Mut_0","mimesis.providers.food","1615376681647376871","0","2387942727","1.0","10","54","0","0","10","54","8","True","13"
"Init_Reuse_0.3_Mut_8","mimesis.providers.file","1615377253738360347","0","8059298855","1.0","9","45","5","23","4","22","8","True","12"
"Init_Reuse_0.9_Mut_8","mimesis.builtins.it","1615377618808608495","479","121853941731","0.8571428571428571","10","34","1","7","9","27","6","True","8"
"Init_Reuse_0.7_Mut_0","mimesis.providers.internet","1615376564167839288","28","132696246438","0.8947368421052632","5","81","4","68","1","13","24","True","42"
"Init_Reuse_0.3_Mut_4","mimesis.providers.clothing","1615376809758825457","0","5087151793","1.0","2","21","1","21","1","0","7","True","10"
"Init_Reuse_0.3_Mut_4","mimesis.providers.file","1615376759766726761","0","5559154621","1.0","7","24","6","24","1","0","8","True","12"
"Init_Reuse_0.5_Mut_8","mimesis.providers.person","1615377385942809492","98","124135370097","0.95","17","200","14","180","3","20","34","True","68"
"Init_Reuse_0.5_Mut_0","mimesis.builtins.base","1615376430524653074","0","7524145359","1.0","5","70","0","0","5","70","5","True","13"
"Init_Reuse_0.5_Mut_0","mimesis.providers.choice","1615376481541719540","221","122982874553","0.9032258064516129","7","63","7","63","0","0","6","True","10"
"Init_Reuse_0.5_Mut_4","mimesis.builtins.de","1615376927247024995","0","6491627955","1.0","3","49","0","0","3","49","14","True","14"
"Init_Reuse_0.5_Mut_4","mimesis.providers.clothing","1615376921658032588","0","4579194078","1.0","4","42","2","27","2","15","7","True","10"
"Init_Reuse_0.0_Mut_0","mimesis.providers.units","1615376235326212597","0","6176632557","1.0","8","50","8","50","0","0","","",""
"Init_Reuse_0.7_Mut_4","mimesis.exceptions","1615377032381271294","181","121385633447","0.9545454545454546","9","85","7","49","2","36","","False",""
"Init_Reuse_0.5_Mut_8","mimesis.builtins.en","1615377405755586401","267","124354784611","0.7692307692307693","11","99","6","70","5","29","13","True","22"
"Init_Reuse_0.5_Mut_0","mimesis.decorators","1615376481538973020","228","122980525682","0.14285714285714285","6","88","0","0","6","88","14","True","14"
"Init_Reuse_0.0_Mut_0","mimesis.providers.numbers","1615376238810106286","13","67444975728","1.0","5","138","4","96","1","42","","",""
"Init_Reuse_0.7_Mut_8","mimesis.builtins.base","1615377531039155927","0","6060002894","1.0","4","68","0","0","4","68","5","True","13"
"Init_Reuse_0.5_Mut_8","mimesis.builtins.ru","1615377429037148445","154","122813856805","0.7843137254901961","12","167","3","40","9","127","8","True","12"
"Init_Reuse_0.7_Mut_8","mimesis.providers.file","1615377490636510971","0","8760173082","1.0","7","29","6","28","1","1","8","True","12"
"Init_Reuse_0.5_Mut_0","mimesis.providers.internet","1615376440460696288","33","127516348779","0.8947368421052632","8","89","7","70","1","19","24","True","42"
"Init_Reuse_0.7_Mut_8","mimesis.providers.payment","1615377500708592949","164","121862300736","0.9615384615384616","9","68","2","15","7","53","13","True","22"
"Init_Reuse_0.5_Mut_4","mimesis.providers.units","1615376921538403746","0","12642424565","1.0","9","62","7","35","2","27","","False",""
"Init_Reuse_0.7_Mut_0","mimesis.decorators","1615376580679858159","194","121506948531","0.14285714285714285","8","78","0","0","8","78","14","True","14"
"Init_Reuse_0.3_Mut_4","mimesis.providers.numbers","1615376811802216383","3","134044431620","0.9565217391304348","7","135","5","68","2","67","13","True","22"
"Init_Reuse_0.9_Mut_0","mimesis.exceptions","1615376681627884082","189","121932481732","0.9545454545454546","9","114","7","70","2","44","","False",""
"Init_Reuse_0.7_Mut_4","mimesis.random","1615377043643125736","192","121421975767","0.9714285714285714","9","109","9","109","0","0","1","True","9"
"Init_Reuse_0.9_Mut_8","mimesis.decorators","1615377625249208394","956","121606206641","0.14285714285714285","2","10","0","0","2","10","14","True","14"
"Init_Reuse_0.7_Mut_8","mimesis.providers.code","1615377488414655600","0","4757941532","1.0","8","29","3","26","5","3","12","True","18"
"Init_Reuse_0.9_Mut_4","mimesis.exceptions","1615377168520247118","237","122010639216","0.9545454545454546","7","72","5","32","2","40","","False",""
"Init_Reuse_0.7_Mut_4","mimesis.shortcuts","1615377040243665386","11","9915286972","1.0","8","30","8","30","0","0","1","True","2"
"Init_Reuse_0.3_Mut_4","mimesis.providers.path","1615376800532069969","408","121230523032","0.35714285714285715","6","12","6","12","0","0","9","True","15"
"Init_Reuse_0.5_Mut_4","mimesis.builtins.pl","1615376923660034125","199","121713561640","0.6666666666666666","8","77","6","51","2","26","","False",""
"Init_Reuse_0.9_Mut_4","mimesis.providers.internet","1615377130916693041","30","133257052754","0.7894736842105263","7","65","7","65","0","0","24","True","42"
"Init_Reuse_0.5_Mut_4","mimesis.enums","1615376890407687099","0","8232132513","1.0","7","7","7","7","0","0","","False",""
"Init_Reuse_0.3_Mut_4","mimesis.providers.food","1615376802278874326","0","9713741688","1.0","4","91","0","0","4","91","8","True","13"
"Init_Reuse_0.3_Mut_0","mimesis.providers.hardware","1615376343354106715","0","7285087748","1.0","9","174","0","0","9","174","17","True","30"
"Init_Reuse_0.9_Mut_0","mimesis.decorators","1615376683887148366","822","121166565714","0.14285714285714285","6","13","0","0","6","13","14","True","14"
"Init_Reuse_0.9_Mut_8","mimesis.providers.choice","1615377622113881850","269","122441285726","0.9032258064516129","9","72","8","66","1","6","6","True","10"
"Init_Reuse_0.3_Mut_8","mimesis.providers.business","1615377260850098524","0","6997911186","1.0","5","76","2","18","3","58","13","True","22"
"Init_Reuse_0.7_Mut_8","mimesis.providers.person","1615377499179722187","94","122677742721","0.95","17","205","14","164","3","41","34","True","68"
"Init_Reuse_0.5_Mut_0","mimesis.providers.path","1615376438844298195","354","121318670710","0.35714285714285715","9","9","3","6","6","3","9","True","15"
