"ConfigurationId","TargetModule","RandomSeed","AlgorithmIterations","TotalTime","Coverage","Size","Length","FailingSize","FailingLength","PassingSize","PassingLength"
"Seed_Prob_0_2","mimesis.exceptions","1615567652429627437","201","121734533834","0.9545454545454546","9","81","7","49","2","32"
"Seed_Prob_0_8","mimesis.builtins.uk","1615568359050241410","0","6510110933","1.0","6","30","6","30","0","0"
"Seed_Prob_0_5","mimesis.providers.development","1615567994431420093","0","9186483299","1.0","9","209","0","0","9","209"
"Seed_Prob_0_3","mimesis.decorators","1615567791787033344","167","123013885066","0.14285714285714285","6","124","0","0","6","124"
"Seed_Prob_0_9","mimesis.exceptions","1615568525333611038","230","121829993044","0.9545454545454546","10","91","7","78","3","13"
"Seed_Prob_0_5","mimesis.providers.clothing","1615568002325117813","0","7912596396","1.0","5","58","4","42","1","16"
"Seed_Prob_0_3","mimesis.builtins.nl","1615567791784628119","97","123304186036","0.9230769230769231","7","165","0","0","7","165"
"Seed_Prob_0_2","mimesis.providers.code","1615567629498921448","0","6350098291","1.0","3","26","3","26","0","0"
"Seed_Prob_0_9","mimesis.providers.hardware","1615568525424935602","0","9914699253","1.0","8","201","0","0","8","201"
"Seed_Prob_0_0","mimesis.builtins.uk","1615567413815392025","0","9691032784","1.0","4","13","4","13","0","0"
"Seed_Prob_0_0","mimesis.providers.units","1615567392257627588","1","7089712303","1.0","9","37","9","37","0","0"
"Seed_Prob_0_1","mimesis.builtins.pl","1615567524365883657","225","122221483579","0.6666666666666666","6","78","3","20","3","58"
"Seed_Prob_0_0","mimesis.providers.payment","1615567412703564623","119","122237604178","0.9615384615384616","6","48","6","48","0","0"
"Seed_Prob_0_0","mimesis.builtins.da","1615567393533682123","0","8555066384","1.0","2","50","0","0","2","50"
"Seed_Prob_0_8","mimesis.providers.payment","1615568373589856915","106","123643701988","0.9615384615384616","10","62","8","54","2","8"
"Seed_Prob_0_7","mimesis.builtins.it","1615568244899985137","313","121481561586","0.8571428571428571","2","19","1","4","1","15"
"Seed_Prob_0_4","mimesis.providers.code","1615567873646789265","0","7226495814","1.0","10","62","8","55","2","7"
"Seed_Prob_0_7","mimesis.builtins.da","1615568281225423257","0","8120292451","1.0","3","47","0","0","3","47"
"Seed_Prob_0_7","mimesis.builtins.de","1615568259528952070","0","11435970245","1.0","4","67","1","16","3","51"
"Seed_Prob_0_5","mimesis.builtins.pt_br","1615568022983895271","153","122723550616","0.8","9","190","0","0","9","190"
"Seed_Prob_0_4","mimesis.builtins.da","1615567874512351789","0","9220254696","1.0","1","3","0","0","1","3"
"Seed_Prob_0_1","mimesis.providers.address","1615567498605643625","87","122987488056","0.92","10","149","5","87","5","62"
"Seed_Prob_0_8","mimesis.builtins.nl","1615568394312673232","155","121698013186","0.9230769230769231","2","42","0","0","2","42"
"Seed_Prob_0_3","mimesis.builtins.base","1615567768552924253","0","12809625258","1.0","8","180","0","0","8","180"
"Seed_Prob_0_5","mimesis.providers.base","1615568053053514400","195","121499311847","0.45","9","50","9","50","0","0"
"Seed_Prob_0_1","mimesis.providers.code","1615567503930924707","0","11178240919","1.0","7","42","7","42","0","0"
"Seed_Prob_0_8","mimesis.providers.choice","1615568413564068331","17","147231317789","0.8709677419354839","10","69","8","62","2","7"
"Seed_Prob_0_1","mimesis.providers.choice","1615567560192912856","160","121935463412","0.9032258064516129","13","90","12","85","1","5"
"Seed_Prob_0_6","mimesis.providers.business","1615568134961395544","0","7668981828","1.0","3","92","0","0","3","92"
"Seed_Prob_0_1","mimesis.builtins.ru","1615567549113131681","136","122587180358","0.803921568627451","9","109","5","65","4","44"
"Seed_Prob_0_8","mimesis.providers.development","1615568397298558532","0","9653708392","1.0","9","223","0","0","9","223"
"Seed_Prob_0_4","mimesis.providers.food","1615567851617478882","0","8778598435","1.0","8","94","0","0","8","94"
"Seed_Prob_0_6","mimesis.builtins.it","1615568122898319294","207","121732292087","0.8571428571428571","7","30","7","30","0","0"
"Seed_Prob_0_8","mimesis.builtins.da","1615568394242856709","0","8323593209","1.0","5","65","0","0","5","65"
"Seed_Prob_0_4","mimesis.builtins.nl","1615567890187778779","96","124993334608","0.9230769230769231","9","216","0","0","9","216"
"Seed_Prob_0_3","mimesis.providers.address","1615567795045201592","90","122262161134","0.92","10","163","4","56","6","107"
"Seed_Prob_0_1","mimesis.providers.numbers","1615567458569138079","4","82092078837","1.0","10","140","10","140","0","0"
"Seed_Prob_0_2","mimesis.providers.payment","1615567620342741263","108","124551805027","0.9615384615384616","6","81","6","81","0","0"
"Seed_Prob_0_5","mimesis.providers.transport","1615568019733482200","0","6537136594","1.0","9","72","6","47","3","25"
"Seed_Prob_0_4","mimesis.providers.numbers","1615567856197348703","6","197832745438","0.9565217391304348","8","122","4","57","4","65"
"Seed_Prob_0_7","mimesis.builtins.uk","1615568243269253061","0","9314683317","1.0","6","14","6","14","0","0"
"Seed_Prob_0_1","mimesis.random","1615567458446076577","170","122294854813","0.9428571428571428","8","143","7","129","1","14"
"Seed_Prob_0_4","mimesis.providers.development","1615567900461609695","0","9958034635","1.0","5","88","0","0","5","88"
"Seed_Prob_0_2","mimesis.builtins.uk","1615567620219943913","0","11122058688","1.0","5","16","5","16","0","0"
"Seed_Prob_0_0","mimesis.providers.code","1615567409516535039","0","9525889898","1.0","10","66","10","66","0","0"
"Seed_Prob_0_2","mimesis.providers.base","1615567649068247515","222","123194599515","0.45","8","41","7","37","1","4"
"Seed_Prob_0_9","mimesis.providers.food","1615568488189607369","0","11422258914","1.0","7","99","0","0","7","99"
"Seed_Prob_0_7","mimesis.builtins.pl","1615568259479025240","171","122311801220","0.6666666666666666","10","95","6","61","4","34"
"Seed_Prob_0_3","mimesis.providers.code","1615567769938103237","0","11429549594","1.0","10","61","8","39","2","22"
"Seed_Prob_0_0","mimesis.providers.development","1615567402519396951","0","9262647473","1.0","9","211","0","0","9","211"
"Seed_Prob_0_0","mimesis.providers.science","1615567412212044308","0","10908941716","1.0","6","126","3","57","3","69"
"Seed_Prob_0_5","mimesis.providers.address","1615567993239315162","81","122717563262","0.92","9","152","5","51","4","101"
"Seed_Prob_0_2","mimesis.providers.choice","1615567657083002136","203","121790024773","0.9354838709677419","12","74","9","64","3","10"
"Seed_Prob_0_3","mimesis.providers.units","1615567795133599846","0","7455302538","1.0","3","35","3","35","0","0"
"Seed_Prob_0_9","mimesis.builtins.ru","1615568497119721245","123","121939245489","0.803921568627451","12","166","8","113","4","53"
"Seed_Prob_0_1","mimesis.builtins.en","1615567503464277327","319","122440506775","0.7692307692307693","6","55","4","43","2","12"
"Seed_Prob_0_0","mimesis.providers.choice","1615567404987111407","177","122100093653","0.9032258064516129","9","59","8","50","1","9"
"Seed_Prob_0_2","mimesis.providers.development","1615567655816926542","0","9872739293","1.0","5","102","0","0","5","102"
"Seed_Prob_0_8","mimesis.providers.code","1615568372870139985","0","10409726901","1.0","9","64","8","58","1","6"
"Seed_Prob_0_3","mimesis.builtins.uk","1615567753706628286","0","7916642692","1.0","10","45","8","25","2","20"
"Seed_Prob_0_5","mimesis.enums","1615568016756878808","0","10039345401","1.0","6","6","6","6","0","0"
"Seed_Prob_0_2","mimesis.random","1615567617585974430","2","129773196708","0.7142857142857143","10","87","9","75","1","12"
"Seed_Prob_0_3","mimesis.providers.development","1615567802094892516","0","10952601428","1.0","9","169","0","0","9","169"
"Seed_Prob_0_6","mimesis.providers.base","1615568161676631506","160","122007274692","0.45","8","53","8","53","0","0"
"Seed_Prob_0_0","mimesis.builtins.nl","1615567404983057280","116","122354987943","0.9230769230769231","6","138","0","0","6","138"
"Seed_Prob_0_0","mimesis.builtins.it","1615567413984448850","235","122026531911","0.8571428571428571","5","18","5","18","0","0"
"Seed_Prob_0_1","mimesis.shortcuts","1615567502629980225","6","11321838644","1.0","11","35","10","29","1","6"
"Seed_Prob_0_8","mimesis.builtins.it","1615568380161675444","188","122640780328","0.8571428571428571","7","33","7","33","0","0"
"Seed_Prob_0_5","mimesis.providers.code","1615567993848953357","0","8576368637","1.0","5","43","4","40","1","3"
"Seed_Prob_0_2","mimesis.builtins.nl","1615567657083346374","108","122080419579","0.9230769230769231","6","125","0","0","6","125"
"Seed_Prob_0_3","mimesis.providers.person","1615567749145083897","13","129735822462","0.775","10","143","9","131","1","12"
"Seed_Prob_0_5","mimesis.providers.business","1615568016756972813","0","11536761148","1.0","8","129","2","49","6","80"
"Seed_Prob_0_3","mimesis.providers.clothing","1615567801251828167","0","8752216900","1.0","4","58","2","20","2","38"
"Seed_Prob_0_7","mimesis.providers.units","1615568291853704061","0","8711467810","1.0","5","30","4","6","1","24"
"Seed_Prob_0_6","mimesis.enums","1615568133086678791","0","8681540634","1.0","5","5","5","5","0","0"
"Seed_Prob_0_1","mimesis.builtins.nl","1615567551338498865","117","121959014198","0.9230769230769231","6","129","0","0","6","129"
"Seed_Prob_0_7","mimesis.builtins.pt_br","1615568298329130776","221","122032522779","0.8","4","64","0","0","4","64"
"Seed_Prob_0_5","mimesis.builtins.de","1615568021700719112","0","11813998972","1.0","4","79","0","0","4","79"
"Seed_Prob_0_9","mimesis.providers.address","1615568512801011263","80","121881053849","0.92","6","133","4","61","2","72"
"Seed_Prob_0_8","mimesis.providers.path","1615568397697006998","329","122049299327","0.42857142857142855","4","8","4","8","0","0"
"Seed_Prob_0_3","mimesis.shortcuts","1615567769937390645","4","9522808174","1.0","9","34","9","34","0","0"
"Seed_Prob_0_5","mimesis.builtins.da","1615568057683694625","0","10849176906","1.0","8","147","0","0","8","147"
"Seed_Prob_0_8","mimesis.builtins.de","1615568413464791810","0","14638440795","1.0","7","173","0","0","7","173"
"Seed_Prob_0_1","mimesis.decorators","1615567562832343779","183","123625365974","0.14285714285714285","9","148","0","0","9","148"
"Seed_Prob_0_4","mimesis.providers.internet","1615567905100791700","14","143891845794","0.9210526315789473","10","108","9","99","1","9"
"Seed_Prob_0_4","mimesis.builtins.ru","1615567890191347752","112","123287994198","0.7843137254901961","9","161","4","63","5","98"
"Seed_Prob_0_8","mimesis.decorators","1615568394311134492","141","122657743269","0.14285714285714285","8","152","0","0","8","152"
"Seed_Prob_0_6","mimesis.providers.address","1615568139089612001","86","123305425288","0.92","8","154","2","46","6","108"
"Seed_Prob_0_0","mimesis.builtins.en","1615567402370779515","272","121666575594","0.8461538461538461","9","70","6","43","3","27"
"Seed_Prob_0_6","mimesis.shortcuts","1615568140331302722","54","29246171029","1.0","7","35","7","35","0","0"
"Seed_Prob_0_2","mimesis.providers.internet","1615567653371463107","18","138472380110","0.9473684210526315","12","120","10","104","2","16"
"Seed_Prob_0_7","mimesis.providers.base","1615568281227855382","282","121787563328","0.45","4","52","2","12","2","40"
"Seed_Prob_0_3","mimesis.builtins.en","1615567760678327096","158","122194343116","0.8461538461538461","9","113","9","113","0","0"
"Seed_Prob_0_9","mimesis.providers.code","1615568517155580523","0","8500528607","1.0","10","56","10","56","0","0"
"Seed_Prob_0_2","mimesis.providers.clothing","1615567637691213362","0","7879636035","1.0","8","103","7","84","1","19"
"Seed_Prob_0_6","mimesis.builtins.pl","1615568154648296477","202","121639355432","0.6666666666666666","7","82","5","50","2","32"
"Seed_Prob_0_0","mimesis.builtins.ru","1615567405687111985","141","122085056065","0.7843137254901961","9","149","3","52","6","97"
"Seed_Prob_0_9","mimesis.providers.units","1615568540109981798","0","8411422052","1.0","9","38","9","38","0","0"
"Seed_Prob_0_7","mimesis.providers.file","1615568263071313292","0","12741903540","1.0","2","14","2","14","0","0"
"Seed_Prob_0_4","mimesis.builtins.base","1615567895676052641","0","15093652504","1.0","10","178","0","0","10","178"
"Seed_Prob_0_5","mimesis.exceptions","1615568003688790954","265","123456793298","0.9545454545454546","2","35","2","35","0","0"
"Seed_Prob_0_3","mimesis.builtins.ru","1615567793141451128","112","123163052107","0.803921568627451","9","204","3","53","6","151"
"Seed_Prob_0_9","mimesis.providers.development","1615568525250984731","0","9194969131","1.0","7","144","0","0","7","144"
"Seed_Prob_0_8","mimesis.builtins.en","1615568395726252248","234","121364559154","0.8461538461538461","6","60","6","60","0","0"
"Seed_Prob_0_8","mimesis.providers.internet","1615568385931141521","18","146678356993","0.8947368421052632","9","104","8","97","1","7"
"Seed_Prob_0_0","mimesis.providers.person","1615567414131051403","77","123608988416","0.925","19","199","17","180","2","19"
"Seed_Prob_0_0","mimesis.providers.transport","1615567441478545119","0","6791437445","1.0","7","26","6","24","1","2"
"Seed_Prob_0_1","mimesis.providers.path","1615567525555255213","380","123944857250","0.42857142857142855","6","13","6","13","0","0"
"Seed_Prob_0_5","mimesis.providers.food","1615568009801263002","0","12600932890","1.0","3","61","0","0","3","61"
"Seed_Prob_0_2","mimesis.providers.hardware","1615567657948855842","0","9884857057","1.0","9","216","0","0","9","216"
"Seed_Prob_0_8","mimesis.providers.person","1615568359079595853","63","140323177863","0.95","15","175","10","114","5","61"
"Seed_Prob_0_5","mimesis.providers.hardware","1615567994487394181","0","9192599056","1.0","9","285","0","0","9","285"
"Seed_Prob_0_2","mimesis.builtins.base","1615567608630044845","0","12224023433","1.0","2","16","0","0","2","16"
"Seed_Prob_0_9","mimesis.providers.clothing","1615568518357882912","0","7742727148","1.0","5","48","5","48","0","0"
"Seed_Prob_0_8","mimesis.providers.date","1615568378452649267","6","138006351441","0.7777777777777778","10","103","6","68","4","35"
"Seed_Prob_0_1","mimesis.builtins.base","1615567491062020341","0","17500540997","1.0","9","120","0","0","9","120"
"Seed_Prob_0_6","mimesis.builtins.pt_br","1615568151408405227","165","122670237433","0.8","3","85","0","0","3","85"
"Seed_Prob_0_2","mimesis.decorators","1615567655868485724","171","122144566737","0.14285714285714285","6","121","0","0","6","121"
"Seed_Prob_0_9","mimesis.enums","1615568536089925804","0","10059882411","1.0","9","9","9","9","0","0"
"Seed_Prob_0_8","mimesis.builtins.base","1615568356134875220","0","11183768667","1.0","7","164","0","0","7","164"
"Seed_Prob_0_2","mimesis.providers.numbers","1615567641443713193","5","153375612992","1.0","8","198","6","137","2","61"
"Seed_Prob_0_3","mimesis.exceptions","1615567801361977163","225","121444162769","0.9545454545454546","8","69","5","20","3","49"
"Seed_Prob_0_9","mimesis.providers.business","1615568539201492671","0","16103969954","1.0","9","139","2","53","7","86"
"Seed_Prob_0_3","mimesis.providers.hardware","1615567800618715004","0","9112219710","1.0","10","187","0","0","10","187"
"Seed_Prob_0_2","mimesis.providers.food","1615567644095919795","0","10657236392","1.0","8","217","0","0","8","217"
"Seed_Prob_0_6","mimesis.schema","1615568159486252056","97","123540102993","0.5789473684210527","9","58","9","58","0","0"
"Seed_Prob_0_0","mimesis.decorators","1615567404983062804","170","122074543054","0.14285714285714285","4","105","0","0","4","105"
"Seed_Prob_0_7","mimesis.providers.business","1615568237872945010","0","9532776053","1.0","10","138","1","24","9","114"
"Seed_Prob_0_9","mimesis.decorators","1615568531256136521","139","122387593189","0.14285714285714285","5","115","0","0","5","115"
"Seed_Prob_0_0","mimesis.builtins.de","1615567400773777347","0","11954993129","1.0","1","31","0","0","1","31"
"Seed_Prob_0_0","mimesis.providers.file","1615567409581433717","0","8140730282","1.0","10","34","10","34","0","0"
"Seed_Prob_0_2","mimesis.providers.path","1615567658131831444","326","121614941919","0.9285714285714286","6","27","6","27","0","0"
"Seed_Prob_0_8","mimesis.providers.file","1615568379660754925","0","7570713336","1.0","7","25","7","25","0","0"
"Seed_Prob_0_0","mimesis.providers.path","1615567406101219642","416","121519867294","0.35714285714285715","3","7","3","7","0","0"
"Seed_Prob_0_6","mimesis.builtins.en","1615568115638620922","203","121682355423","0.7692307692307693","7","76","6","72","1","4"
"Seed_Prob_0_2","mimesis.builtins.de","1615567657082970568","0","11947355672","1.0","2","36","0","0","2","36"
"Seed_Prob_0_4","mimesis.builtins.en","1615567901250401733","216","121553449355","0.8461538461538461","10","87","6","51","4","36"
"Seed_Prob_0_7","mimesis.enums","1615568237729416666","0","9966859925","1.0","8","8","8","8","0","0"
"Seed_Prob_0_9","mimesis.builtins.nl","1615568531260184616","98","122276624057","0.9230769230769231","5","123","0","0","5","123"
"Seed_Prob_0_0","mimesis.builtins.base","1615567408181842270","0","17054202136","1.0","3","63","0","0","3","63"
"Seed_Prob_0_6","mimesis.providers.file","1615568123103972868","0","7580293459","1.0","6","31","6","31","0","0"
"Seed_Prob_0_7","mimesis.providers.payment","1615568235524505099","98","122867649144","0.9615384615384616","8","58","8","58","0","0"
"Seed_Prob_0_9","mimesis.providers.numbers","1615568480718668802","10","64584371207","1.0","12","149","4","32","8","117"
"Seed_Prob_0_4","mimesis.builtins.de","1615567890191550768","0","13524865735","1.0","1","19","0","0","1","19"
"Seed_Prob_0_7","mimesis.providers.path","1615568282335044406","155","123081014333","0.9285714285714286","13","43","13","43","0","0"
"Seed_Prob_0_4","mimesis.providers.path","1615567881591243147","220","122265835367","0.42857142857142855","10","22","10","22","0","0"
"Seed_Prob_0_2","mimesis.providers.person","1615567620487112925","18","138566392519","0.8375","12","119","9","79","3","40"
"Seed_Prob_0_2","mimesis.builtins.pt_br","1615567649512215073","154","124455062067","0.8","6","131","0","0","6","131"
"Seed_Prob_0_1","mimesis.providers.food","1615567458571849825","0","9854080036","1.0","5","108","0","0","5","108"
"Seed_Prob_0_1","mimesis.providers.units","1615567551850769096","0","8021486993","1.0","7","38","7","38","0","0"
"Seed_Prob_0_8","mimesis.builtins.ru","1615568387453107752","121","122626098671","0.803921568627451","10","150","8","130","2","20"
"Seed_Prob_0_9","mimesis.random","1615568489288372685","5","154254741874","0.6857142857142857","10","104","7","56","3","48"
"Seed_Prob_0_4","mimesis.decorators","1615567889925644096","208","121610922840","0.14285714285714285","2","51","0","0","2","51"
"Seed_Prob_0_4","mimesis.providers.hardware","1615567900631563872","0","10905162035","1.0","8","203","0","0","8","203"
"Seed_Prob_0_8","mimesis.providers.address","1615568372869403252","82","123473578095","0.92","9","176","2","58","7","118"
"Seed_Prob_0_3","mimesis.builtins.pl","1615567802092743873","176","122374246459","0.6666666666666666","9","106","4","55","5","51"
"Seed_Prob_0_5","mimesis.shortcuts","1615568025304679574","5","8401415881","1.0","8","32","8","32","0","0"
"Seed_Prob_0_1","mimesis.providers.business","1615567502738452835","0","11224590938","1.0","9","151","2","30","7","121"
"Seed_Prob_0_6","mimesis.builtins.ru","1615568144475223891","131","122235232158","0.803921568627451","9","183","3","66","6","117"
"Seed_Prob_0_6","mimesis.providers.person","1615568129265417040","5","122359095271","0.6875","11","130","7","85","4","45"
"Seed_Prob_0_6","mimesis.providers.hardware","1615568125695927458","0","10474027958","1.0","2","49","0","0","2","49"
"Seed_Prob_0_1","mimesis.enums","1615567502740457763","0","7416731714","1.0","1","1","1","1","0","0"
"Seed_Prob_0_8","mimesis.shortcuts","1615568356199131283","19","13934454654","1.0","7","30","7","30","0","0"
"Seed_Prob_0_9","mimesis.builtins.base","1615568537020634166","0","18659893951","1.0","4","101","0","0","4","101"
"Seed_Prob_0_2","mimesis.providers.file","1615567639351697788","0","10722732152","1.0","9","39","9","39","0","0"
"Seed_Prob_0_9","mimesis.builtins.pt_br","1615568517057916072","176","121915372230","0.8","3","64","0","0","3","64"
"Seed_Prob_0_0","mimesis.builtins.pl","1615567404986129311","166","122066419204","0.6666666666666666","11","88","7","47","4","41"
"Seed_Prob_0_0","mimesis.providers.food","1615567415115446488","0","13618571440","1.0","4","107","0","0","4","107"
"Seed_Prob_0_8","mimesis.enums","1615568407878175450","0","7817277898","1.0","3","3","3","3","0","0"
"Seed_Prob_0_3","mimesis.providers.internet","1615567795290917923","18","145856222452","0.9473684210526315","10","113","7","83","3","30"
"Seed_Prob_0_7","mimesis.builtins.base","1615568259923744834","0","15867919920","1.0","2","51","0","0","2","51"
"Seed_Prob_0_9","mimesis.providers.base","1615568516567460203","242","121571643697","0.45","9","43","7","30","2","13"
"Seed_Prob_0_5","mimesis.builtins.en","1615567997426016400","203","123964342141","0.9230769230769231","8","97","6","70","2","27"
"Seed_Prob_0_4","mimesis.providers.clothing","1615567901246697176","0","8745322546","1.0","5","86","5","86","0","0"
"Seed_Prob_0_3","mimesis.providers.food","1615567759369090132","0","12093405287","1.0","7","145","0","0","7","145"
"Seed_Prob_0_8","mimesis.providers.food","1615568364009063494","0","12867392428","1.0","3","77","0","0","3","77"
"Seed_Prob_0_2","mimesis.builtins.pl","1615567657909281091","155","122231545901","0.6666666666666666","10","106","6","45","4","61"
"Seed_Prob_0_6","mimesis.providers.clothing","1615568123343270180","0","8743070281","1.0","1","27","1","27","0","0"
"Seed_Prob_0_0","mimesis.providers.numbers","1615567414910464945","6","30262685029","1.0","10","177","6","91","4","86"
"Seed_Prob_0_5","mimesis.builtins.it","1615568020042215746","278","122565598304","0.8571428571428571","4","20","3","16","1","4"
"Seed_Prob_0_4","mimesis.builtins.pl","1615567881575317029","151","122292446530","0.6666666666666666","9","91","8","83","1","8"
"Seed_Prob_0_7","mimesis.providers.clothing","1615568243377160451","0","7274730578","1.0","7","87","4","42","3","45"
"Seed_Prob_0_4","mimesis.builtins.it","1615567851105114020","203","121479280061","0.8571428571428571","9","28","7","24","2","4"
"Seed_Prob_0_0","mimesis.providers.address","1615567409857300892","116","121879857144","0.92","8","111","5","57","3","54"
"Seed_Prob_0_6","mimesis.providers.food","1615568126941642015","0","10446253097","1.0","2","35","0","0","2","35"
"Seed_Prob_0_0","mimesis.shortcuts","1615567404524141677","29","18198226802","1.0","8","31","8","31","0","0"
"Seed_Prob_0_2","mimesis.builtins.ru","1615567652657171492","174","121966758060","0.803921568627451","6","96","2","37","4","59"
"Seed_Prob_0_1","mimesis.providers.payment","1615567464588433655","121","122951732510","0.9615384615384616","9","80","7","64","2","16"
"Seed_Prob_0_7","mimesis.providers.development","1615568282333111773","0","9835014276","1.0","7","157","0","0","7","157"
"Seed_Prob_0_1","mimesis.providers.transport","1615567561194436425","0","9164911975","1.0","7","83","6","67","1","16"
"Seed_Prob_0_0","mimesis.enums","1615567409860642704","0","9716353983","1.0","10","10","10","10","0","0"
"Seed_Prob_0_8","mimesis.schema","1615568393567147197","84","122039618722","0.47368421052631576","10","56","10","56","0","0"
"Seed_Prob_0_9","mimesis.builtins.uk","1615568493718863395","0","9905261708","1.0","1","6","1","6","0","0"
"Seed_Prob_0_8","mimesis.builtins.pt_br","1615568393341315315","144","122759908556","0.8","7","155","0","0","7","155"
"Seed_Prob_0_7","mimesis.providers.food","1615568239164608326","0","9609330623","1.0","1","25","0","0","1","25"
"Seed_Prob_0_3","mimesis.builtins.it","1615567759507320582","132","122120847039","0.8571428571428571","10","57","10","57","0","0"
"Seed_Prob_0_5","mimesis.builtins.ru","1615568057684378485","126","122882627191","0.803921568627451","11","142","3","36","8","106"
"Seed_Prob_0_9","mimesis.providers.file","1615568517609407828","0","8211231416","1.0","10","35","10","35","0","0"
"Seed_Prob_0_4","mimesis.providers.transport","1615567905183327693","0","8125949218","1.0","7","66","4","41","3","25"
"Seed_Prob_0_4","mimesis.providers.payment","1615567867116804733","99","122741732266","0.9615384615384616","10","79","8","58","2","21"
"Seed_Prob_0_7","mimesis.providers.transport","1615568268070435028","0","6364108649","1.0","8","54","5","33","3","21"
"Seed_Prob_0_0","mimesis.providers.hardware","1615567398452853383","0","13610625634","1.0","9","178","0","0","9","178"
"Seed_Prob_0_1","mimesis.providers.base","1615567539136682964","157","121612377787","0.45","11","52","11","52","0","0"
"Seed_Prob_0_8","mimesis.builtins.pl","1615568407924332372","187","122044625037","0.6666666666666666","7","84","5","46","2","38"
"Seed_Prob_0_6","mimesis.builtins.base","1615568140326435336","0","12597150281","1.0","2","29","0","0","2","29"
"Seed_Prob_0_0","mimesis.providers.clothing","1615567401641675665","0","10447173337","1.0","6","90","5","77","1","13"
"Seed_Prob_0_2","mimesis.providers.transport","1615567653516249787","0","7434649769","1.0","5","35","4","17","1","18"
"Seed_Prob_0_1","mimesis.builtins.pt_br","1615567558519268943","198","121665522365","0.8","9","133","0","0","9","133"
"Seed_Prob_0_7","mimesis.builtins.nl","1615568281227713413","105","122645774177","0.9230769230769231","10","207","0","0","10","207"
"Seed_Prob_0_4","mimesis.builtins.pt_br","1615567874376194679","151","121918417023","0.8","4","110","0","0","4","110"
"Seed_Prob_0_1","mimesis.builtins.it","1615567498601867378","230","121511236400","0.8571428571428571","4","13","4","13","0","0"
"Seed_Prob_0_7","mimesis.decorators","1615568275259093405","465","122870931315","0.14285714285714285","1","2","0","0","1","2"
"Seed_Prob_0_4","mimesis.schema","1615567874513722348","92","122571254390","0.47368421052631576","10","46","10","46","0","0"
"Seed_Prob_0_4","mimesis.builtins.uk","1615567866464240205","0","7550161256","1.0","10","45","9","41","1","4"
"Seed_Prob_0_3","mimesis.schema","1615567784448344964","85","123483479048","0.5526315789473685","12","57","12","57","0","0"
"Seed_Prob_0_7","mimesis.providers.address","1615568268613845733","84","122492517716","0.92","8","126","3","19","5","107"
"Seed_Prob_0_4","mimesis.shortcuts","1615567895806762209","11","10035117185","1.0","6","31","6","31","0","0"
"Seed_Prob_0_6","mimesis.builtins.de","1615568154968953861","0","13057636092","1.0","5","125","0","0","5","125"
"Seed_Prob_0_2","mimesis.builtins.en","1615567642451874864","171","122594165925","0.7692307692307693","11","97","6","40","5","57"
"Seed_Prob_0_5","mimesis.providers.payment","1615567979978351966","89","123322039589","0.9615384615384616","10","90","9","64","1","26"
"Seed_Prob_0_0","mimesis.builtins.pt_br","1615567392235524614","195","121776628732","0.8","6","105","0","0","6","105"
"Seed_Prob_0_6","mimesis.providers.path","1615568125698748612","257","121431946056","0.9285714285714286","10","42","10","42","0","0"
"Seed_Prob_0_9","mimesis.providers.transport","1615568539367356495","0","9158726747","1.0","5","57","3","26","2","31"
"Seed_Prob_0_2","mimesis.enums","1615567649436952141","0","11214580979","1.0","9","9","9","9","0","0"
"Seed_Prob_0_8","mimesis.providers.hardware","1615568408689153218","0","10512830499","1.0","4","96","0","0","4","96"
"Seed_Prob_0_4","mimesis.providers.address","1615567879444901631","76","123577196184","0.92","8","137","7","118","1","19"
"Seed_Prob_0_1","mimesis.providers.clothing","1615567516066230129","0","8212392080","1.0","9","115","3","31","6","84"
"Seed_Prob_0_3","mimesis.builtins.de","1615567793140612771","0","12009164753","1.0","9","157","0","0","9","157"
"Seed_Prob_0_2","mimesis.shortcuts","1615567608603203162","18","13565590926","1.0","8","37","8","37","0","0"
"Seed_Prob_0_5","mimesis.builtins.pl","1615568047701001667","182","121677303380","0.6666666666666666","9","92","5","47","4","45"
"Seed_Prob_0_8","mimesis.providers.clothing","1615568401499847980","0","8987332526","1.0","8","75","4","35","4","40"
"Seed_Prob_0_2","mimesis.providers.address","1615567622364720482","77","123899045031","0.92","8","159","3","25","5","134"
"Seed_Prob_0_3","mimesis.builtins.da","1615567786309505074","0","9963328733","1.0","5","122","0","0","5","122"
"Seed_Prob_0_7","mimesis.providers.code","1615568266703053653","0","7980558817","1.0","9","41","8","37","1","4"
"Seed_Prob_0_9","mimesis.providers.path","1615568525425742869","462","121636837753","0.9285714285714286","2","11","2","11","0","0"
"Seed_Prob_0_4","mimesis.enums","1615567895804846779","0","7895141255","1.0","5","5","5","5","0","0"
"Seed_Prob_0_8","mimesis.providers.transport","1615568390475337686","0","8569117490","1.0","10","76","9","63","1","13"
"Seed_Prob_0_6","mimesis.decorators","1615568145650384956","237","121903445522","0.14285714285714285","4","63","0","0","4","63"
"Seed_Prob_0_0","mimesis.providers.internet","1615567432999977070","19","135317338211","0.8947368421052632","11","92","9","80","2","12"
"Seed_Prob_0_6","mimesis.providers.transport","1615568161422121029","0","9863609035","1.0","8","57","8","57","0","0"
"Seed_Prob_0_1","mimesis.providers.development","1615567538935107328","0","9561823357","1.0","10","204","0","0","10","204"
"Seed_Prob_0_9","mimesis.providers.payment","1615568502036994981","123","121951630747","0.9615384615384616","10","79","8","70","2","9"
"Seed_Prob_0_5","mimesis.providers.units","1615568027420109075","0","8992159908","1.0","9","38","8","28","1","10"
"Seed_Prob_0_3","mimesis.providers.file","1615567759509625668","0","7941086570","1.0","6","52","6","52","0","0"
"Seed_Prob_0_4","mimesis.providers.file","1615567851106128561","0","8896123805","1.0","9","41","9","41","0","0"
"Seed_Prob_0_1","mimesis.providers.internet","1615567561631281464","16","145382905313","0.868421052631579","8","90","6","73","2","17"
"Seed_Prob_0_0","mimesis.providers.business","1615567409860935614","0","9172714696","1.0","4","76","1","21","3","55"
"Seed_Prob_0_8","mimesis.providers.base","1615568393630166119","201","121433943631","0.45","9","43","8","40","1","3"
"Seed_Prob_0_2","mimesis.builtins.da","1615567643625900686","0","10290232757","1.0","4","90","0","0","4","90"
"Seed_Prob_0_1","mimesis.providers.person","1615567464357551396","87","123818290656","0.95","16","197","11","131","5","66"
"Seed_Prob_0_7","mimesis.providers.hardware","1615568284012800400","0","10919573155","1.0","9","184","0","0","9","184"
"Seed_Prob_0_1","mimesis.builtins.uk","1615567464511265766","0","8068102320","1.0","10","50","9","44","1","6"
"Seed_Prob_0_7","mimesis.exceptions","1615568242986738342","185","121520609785","0.9545454545454546","10","96","7","66","3","30"
"Seed_Prob_0_9","mimesis.builtins.en","1615568516963212527","265","122085813120","0.7692307692307693","8","77","6","67","2","10"
"Seed_Prob_0_9","mimesis.builtins.de","1615568549372750032","0","18142937032","1.0","8","232","0","0","8","232"
"Seed_Prob_0_6","mimesis.providers.payment","1615568127949314930","110","123982893342","0.9615384615384616","7","50","7","50","0","0"
"Seed_Prob_0_5","mimesis.providers.file","1615568020052978699","0","8056992831","1.0","8","35","8","35","0","0"
"Seed_Prob_0_0","mimesis.random","1615567409581367547","159","121969930953","0.9142857142857143","12","113","11","96","1","17"
"Seed_Prob_0_8","mimesis.providers.business","1615568407880903463","0","9866869522","1.0","7","103","3","44","4","59"
"Seed_Prob_0_3","mimesis.providers.transport","1615567793074030201","0","8449061406","1.0","7","72","7","72","0","0"
"Seed_Prob_0_7","mimesis.shortcuts","1615568237874029866","9","10340262676","1.0","8","35","8","35","0","0"
"Seed_Prob_0_2","mimesis.builtins.it","1615567644391018072","264","121823425402","0.8571428571428571","5","30","5","30","0","0"
"Seed_Prob_0_9","mimesis.builtins.da","1615568517297923019","0","10078086746","1.0","4","119","0","0","4","119"
"Seed_Prob_0_9","mimesis.shortcuts","1615568533337454468","2","10477979710","1.0","8","30","8","30","0","0"
"Seed_Prob_0_9","mimesis.schema","1615568517300981616","100","121708978549","0.5526315789473685","10","70","10","70","0","0"
"Seed_Prob_0_4","mimesis.exceptions","1615567897530189000","220","122981120981","0.9545454545454546","10","93","7","81","3","12"
"Seed_Prob_0_7","mimesis.builtins.en","1615568243380567820","252","121430182720","0.9230769230769231","4","43","4","43","0","0"
"Seed_Prob_0_2","mimesis.providers.science","1615567620486093702","0","51339159962","1.0","3","57","1","15","2","42"
"Seed_Prob_0_3","mimesis.providers.path","1615567798120509204","269","121535026519","0.9285714285714286","6","29","6","29","0","0"
"Seed_Prob_0_5","mimesis.builtins.base","1615568025759348604","0","14447531849","1.0","3","64","0","0","3","64"
"Seed_Prob_0_6","mimesis.builtins.da","1615568145334651038","0","8136785456","1.0","9","160","0","0","9","160"
"Seed_Prob_0_6","mimesis.builtins.uk","1615568129265132258","0","8754119304","1.0","10","83","9","56","1","27"
"Seed_Prob_0_6","mimesis.exceptions","1615568122714316531","239","122098104731","0.9545454545454546","5","67","2","16","3","51"
"Seed_Prob_0_3","mimesis.providers.base","1615567786106243951","237","121867129974","0.45","6","40","6","40","0","0"
"Seed_Prob_0_7","mimesis.providers.cryptographic","1615568268631590359","9","130115056777","0.9411764705882353","9","57","7","50","2","7"
"Seed_Prob_0_9","mimesis.builtins.pl","1615568550622829179","175","123197583620","0.6666666666666666","11","112","7","86","4","26"
"Seed_Prob_0_8","mimesis.providers.units","1615568389708359709","0","8167701738","1.0","10","48","8","41","2","7"
"Seed_Prob_0_4","mimesis.providers.business","1615567895808499741","0","9086330900","1.0","10","170","3","35","7","135"
"Seed_Prob_0_6","mimesis.builtins.nl","1615568143708450285","84","123924424466","0.9230769230769231","10","257","0","0","10","257"
"Seed_Prob_0_6","mimesis.providers.units","1615568162520294384","0","7714345098","1.0","10","59","10","59","0","0"
"Seed_Prob_0_1","mimesis.providers.hardware","1615567538934917773","0","9358292484","1.0","7","147","0","0","7","147"
"Seed_Prob_0_1","mimesis.exceptions","1615567519897773493","207","122042322143","0.9545454545454546","9","116","4","12","5","104"
"Seed_Prob_0_5","mimesis.providers.path","1615568046546708036","240","121525086086","0.42857142857142855","10","26","10","26","0","0"
"Seed_Prob_0_6","mimesis.providers.development","1615568125621359067","0","8385004955","1.0","9","186","0","0","9","186"
"Seed_Prob_0_5","mimesis.builtins.uk","1615567963052016477","0","6963343160","1.0","6","21","6","21","0","0"
"Seed_Prob_0_0","mimesis.providers.base","1615567393394759932","374","121240275525","0.45","5","29","3","17","2","12"
"Seed_Prob_0_2","mimesis.providers.business","1615567649051709069","0","11649858615","1.0","5","99","1","8","4","91"
"Seed_Prob_0_9","mimesis.providers.internet","1615568539649717591","25","131015261168","0.8947368421052632","11","116","8","83","3","33"
"Seed_Prob_0_8","mimesis.exceptions","1615568408689435893","286","121413575385","0.9545454545454546","4","42","2","15","2","27"
"Seed_Prob_0_3","mimesis.builtins.pt_br","1615567786495212861","126","122154681125","0.8","8","203","0","0","8","203"
"Seed_Prob_0_5","mimesis.providers.person","1615567979932840726","61","123888538145","0.9125","15","189","13","169","2","20"
"Seed_Prob_0_7","mimesis.providers.choice","1615568259534146318","68","129729039658","0.9354838709677419","10","68","9","59","1","9"
"Seed_Prob_0_4","mimesis.providers.base","1615567874510653085","247","121586515860","0.45","3","25","3","25","0","0"
"Seed_Prob_0_6","mimesis.providers.code","1615568141489174797","0","8693780265","1.0","10","50","9","45","1","5"
"Seed_Prob_0_2","mimesis.providers.units","1615567653615634471","0","8241760681","1.0","9","44","9","44","0","0"
"Seed_Prob_0_7","mimesis.builtins.ru","1615568281227942278","123","122649673629","0.803921568627451","10","143","6","78","4","65"
"Seed_Prob_0_1","mimesis.providers.file","1615567498398667076","0","8502900369","1.0","4","15","4","15","0","0"
"Seed_Prob_0_7","mimesis.providers.internet","1615568265854065268","19","132511276069","0.8947368421052632","10","83","8","60","2","23"
"Seed_Prob_0_0","mimesis.exceptions","1615567402520299494","215","121382501780","0.9545454545454546","10","75","7","44","3","31"
"Seed_Prob_0_1","mimesis.builtins.da","1615567539418398042","0","8222232797","1.0","2","47","0","0","2","47"
"Seed_Prob_0_3","mimesis.providers.business","1615567770193296787","0","10630718728","1.0","8","141","5","56","3","85"
"Seed_Prob_0_5","mimesis.decorators","1615568026053083303","142","122426759073","0.14285714285714285","7","131","0","0","7","131"
"Seed_Prob_0_3","mimesis.enums","1615567758569322646","0","10124454821","1.0","4","4","4","4","0","0"
"Seed_Prob_0_5","mimesis.builtins.nl","1615568057683590418","171","122012165965","0.9230769230769231","4","60","0","0","4","60"
"Seed_Prob_0_9","mimesis.builtins.it","1615568517264187266","168","121377069323","0.8571428571428571","10","33","9","31","1","2"
"Seed_Prob_0_4","mimesis.providers.units","1615567912450278045","1","11104283762","1.0","9","47","7","37","2","10"
"Seed_Prob_0_1","mimesis.builtins.de","1615567505745822380","0","12327067639","1.0","3","100","0","0","3","100"
